# Chunk-averaged data for fix myac3 and group ions
# Timestep Number-of-chunks Total-count
# Chunk Coord1 Ncount density/mass vx
200000 162 30.000000000000007
  1 -20.125 0 0 0
  2 -19.875 0 0 0
  3 -19.625 0 0 0
  4 -19.375 0 0 0
  5 -19.125 0 0 0
  6 -18.875 0 0 0
  7 -18.625 0 0 0
  8 -18.375 0 0 0
  9 -18.125 0 0 0
  10 -17.875 0 0 0
  11 -17.625 0 0 0
  12 -17.375 0 0 0
  13 -17.125 0 0 0
  14 -16.875 0 0 0
  15 -16.625 0 0 0
  16 -16.375 0 0 0
  17 -16.125 0 0 0
  18 -15.875 0 0 0
  19 -15.625 0 0 0
  20 -15.375 0 0 0
  21 -15.125 0 0 0
  22 -14.875 0 0 0
  23 -14.625 0 0 0
  24 -14.375 0 0 0
  25 -14.125 0 0 0
  26 -13.875 0 0 0
  27 -13.625 0 0 0
  28 -13.375 0 0 0
  29 -13.125 0 0 0
  30 -12.875 0 0 0
  31 -12.625 0 0 0
  32 -12.375 0 0 0
  33 -12.125 0 0 0
  34 -11.875 0 0 0
  35 -11.625 0 0 0
  36 -11.375 0 0 0
  37 -11.125 0 0 0
  38 -10.875 0 0 0
  39 -10.625 0 0 0
  40 -10.375 0 0 0
  41 -10.125 0 0 0
  42 -9.875 0 0 0
  43 -9.625 0.00666667 0.00173257 -0.00074442
  44 -9.375 0.0379333 0.00985834 -0.000541157
  45 -9.125 0.236133 0.064486 -0.000170425
  46 -8.875 1.0226 0.332455 -0.000174346
  47 -8.625 2.52567 0.921701 -0.00017564
  48 -8.375 2.46047 0.912637 -0.000159498
  49 -8.125 1.08813 0.393301 -0.00019739
  50 -7.875 0.494067 0.161857 -9.87389e-05
  51 -7.625 0.4242 0.123111 -0.000166163
  52 -7.375 0.491733 0.136868 -0.000143203
  53 -7.125 0.390933 0.108248 -6.79569e-05
  54 -6.875 0.247667 0.0701226 -0.000264016
  55 -6.625 0.222733 0.0667704 -3.13225e-05
  56 -6.375 0.275067 0.0821933 -6.7647e-05
  57 -6.125 0.362667 0.104095 -0.00039573
  58 -5.875 0.4422 0.122248 -7.9481e-05
  59 -5.625 0.471 0.129676 -0.000173648
  60 -5.375 0.516867 0.14122 -0.000175912
  61 -5.125 0.619667 0.16619 -0.000103049
  62 -4.875 0.650267 0.174781 -0.000126198
  63 -4.625 0.535 0.150216 -7.71258e-05
  64 -4.375 0.445333 0.139311 -0.000111524
  65 -4.125 0.342 0.119538 -0.000138196
  66 -3.875 0.2542 0.0940241 -0.000290595
  67 -3.625 0.199333 0.0757357 -8.82443e-05
  68 -3.375 0.1612 0.0610822 4.48961e-05
  69 -3.125 0.186533 0.0721743 -6.09793e-05
  70 -2.875 0.229 0.0892126 -0.000135657
  71 -2.625 0.3178 0.123918 -6.05701e-05
  72 -2.375 0.335 0.132727 -3.67318e-05
  73 -2.125 0.331667 0.129288 1.21106e-05
  74 -1.875 0.322467 0.119157 -0.000117063
  75 -1.625 0.3714 0.132044 2.00607e-05
  76 -1.375 0.390133 0.132967 1.18475e-05
  77 -1.125 0.404067 0.129469 -6.01487e-05
  78 -0.875 0.4432 0.140315 -9.60517e-05
  79 -0.625 0.468333 0.1448 -7.13873e-05
  80 -0.375 0.4146 0.128684 4.14058e-05
  81 -0.125 0.361067 0.108423 -6.9015e-05
  82 0.125 0.3548 0.108794 -7.68033e-05
  83 0.375 0.276333 0.0893695 1.96716e-05
  84 0.625 0.207667 0.0690726 1.90932e-05
  85 0.875 0.205667 0.0668152 -6.49746e-05
  86 1.125 0.235667 0.0747151 0.000115872
  87 1.375 0.257267 0.0805447 9.76791e-05
  88 1.625 0.2506 0.0808033 -5.54063e-05
  89 1.875 0.270067 0.0852707 -1.77391e-05
  90 2.125 0.194867 0.0626278 -5.85679e-06
  91 2.375 0.15 0.0515499 -5.78546e-05
  92 2.625 0.0839333 0.0304071 7.34419e-06
  93 2.875 0.0723333 0.025683 7.84057e-05
  94 3.125 0.0786 0.0265696 -0.000146037
  95 3.375 0.130733 0.0398084 8.03361e-05
  96 3.625 0.153 0.0453886 0.000184094
  97 3.875 0.166733 0.0513152 0.000136092
  98 4.125 0.1734 0.0524466 0.000118045
  99 4.375 0.208933 0.0616061 3.82666e-05
  100 4.625 0.222867 0.0614327 0.00018277
  101 4.875 0.215 0.0586087 0.000124351
  102 5.125 0.206133 0.0587182 0.000143827
  103 5.375 0.1854 0.059867 -1.57893e-05
  104 5.625 0.270867 0.0927483 0.000157132
  105 5.875 0.302133 0.102875 9.69928e-05
  106 6.125 0.318467 0.100423 0.000187513
  107 6.375 0.232867 0.073067 0.000126723
  108 6.625 0.114867 0.0371689 0.000196878
  109 6.875 0.0686 0.0210685 0.000203472
  110 7.125 0.0778667 0.0214199 -9.78828e-05
  111 7.375 0.132267 0.0361118 0.00015418
  112 7.625 0.191333 0.0527492 0.000290488
  113 7.875 0.295067 0.0866678 0.000357911
  114 8.125 0.444133 0.150984 0.000152565
  115 8.375 0.969 0.357569 0.000171995
  116 8.625 1.48847 0.551301 0.00012476
  117 8.875 1.0164 0.354202 0.000264533
  118 9.125 0.2552 0.0769175 0.000123367
  119 9.375 0.0226 0.00631486 5.31865e-05
  120 9.625 0.000866667 0.000225234 -0.00106719
  121 9.875 0 0 0
  122 10.125 0 0 0
  123 10.375 0 0 0
  124 10.625 0 0 0
  125 10.875 0 0 0
  126 11.125 0 0 0
  127 11.375 0 0 0
  128 11.625 0 0 0
  129 11.875 0 0 0
  130 12.125 0 0 0
  131 12.375 0 0 0
  132 12.625 0 0 0
  133 12.875 0 0 0
  134 13.125 0 0 0
  135 13.375 0 0 0
  136 13.625 0 0 0
  137 13.875 0 0 0
  138 14.125 0 0 0
  139 14.375 0 0 0
  140 14.625 0 0 0
  141 14.875 0 0 0
  142 15.125 0 0 0
  143 15.375 0 0 0
  144 15.625 0 0 0
  145 15.875 0 0 0
  146 16.125 0 0 0
  147 16.375 0 0 0
  148 16.625 0 0 0
  149 16.875 0 0 0
  150 17.125 0 0 0
  151 17.375 0 0 0
  152 17.625 0 0 0
  153 17.875 0 0 0
  154 18.125 0 0 0
  155 18.375 0 0 0
  156 18.625 0 0 0
  157 18.875 0 0 0
  158 19.125 0 0 0
  159 19.375 0 0 0
  160 19.625 0 0 0
  161 19.875 0 0 0
  162 20.125 0 0 0
