# Chunk-averaged data for fix myac1 and group H2O
# Timestep Number-of-chunks Total-count
# Chunk Coord1 Ncount density/mass vx
200000 162 1217.9999999999995
  1 -20.125 0 0 0
  2 -19.875 0 0 0
  3 -19.625 0 0 0
  4 -19.375 0 0 0
  5 -19.125 0 0 0
  6 -18.875 0 0 0
  7 -18.625 0 0 0
  8 -18.375 0 0 0
  9 -18.125 0 0 0
  10 -17.875 0 0 0
  11 -17.625 0 0 0
  12 -17.375 0 0 0
  13 -17.125 0 0 0
  14 -16.875 0 0 0
  15 -16.625 0 0 0
  16 -16.375 0 0 0
  17 -16.125 0 0 0
  18 -15.875 0 0 0
  19 -15.625 0 0 0
  20 -15.375 0 0 0
  21 -15.125 0 0 0
  22 -14.875 0 0 0
  23 -14.625 0 0 0
  24 -14.375 0 0 0
  25 -14.125 0 0 0
  26 -13.875 0 0 0
  27 -13.625 0 0 0
  28 -13.375 0 0 0
  29 -13.125 0 0 0
  30 -12.875 0 0 0
  31 -12.625 0 0 0
  32 -12.375 0 0 0
  33 -12.125 0 0 0
  34 -11.875 0 0 0
  35 -11.625 0 0 0
  36 -11.375 0 0 0
  37 -11.125 0 0 0
  38 -10.875 0.00266667 3.0386e-05 -0.00111441
  39 -10.625 0.0573333 0.000653298 0.000282608
  40 -10.375 0.432733 0.00493088 -2.47432e-05
  41 -10.125 1.3138 0.014993 -0.000233763
  42 -9.875 2.8398 0.0392053 -0.000243127
  43 -9.625 7.23353 0.258286 -0.000211601
  44 -9.375 18.838 1.22223 -0.000185914
  45 -9.125 32.6032 2.51571 -0.000165085
  46 -8.875 33.9719 2.65931 -0.00019376
  47 -8.625 24.7147 1.8811 -0.000135834
  48 -8.375 15.9899 1.10553 -0.000137127
  49 -8.125 11.6106 0.681329 -0.000143632
  50 -7.875 9.3714 0.478415 -0.000188386
  51 -7.625 8.5268 0.400473 -0.0001514
  52 -7.375 8.90147 0.372453 -0.00015205
  53 -7.125 9.80027 0.44185 -0.000176963
  54 -6.875 11.4175 0.659752 -0.00018503
  55 -6.625 14.4267 1.08941 -0.000123559
  56 -6.375 18.0779 1.50926 -0.000168545
  57 -6.125 20.2017 1.64775 -0.000146827
  58 -5.875 19.8415 1.51598 -0.00015628
  59 -5.625 18.2043 1.27852 -0.000123174
  60 -5.375 15.9565 1.03569 -0.000151786
  61 -5.125 14.1192 0.867044 -0.000174737
  62 -4.875 12.9196 0.816532 -0.000118662
  63 -4.625 12.0369 0.815636 -0.000151652
  64 -4.375 11.9347 0.840842 -0.000110285
  65 -4.125 12.2974 0.869219 -0.000154829
  66 -3.875 13.023 0.904082 -0.000115017
  67 -3.625 14.0835 0.966227 -0.000108544
  68 -3.375 15.1516 1.04168 -0.000121226
  69 -3.125 15.8575 1.07637 -0.00010432
  70 -2.875 15.7923 1.0438 -8.74789e-05
  71 -2.625 15.5778 1.02737 -7.67752e-05
  72 -2.375 15.1154 0.996107 -0.000101951
  73 -2.125 14.4122 0.961183 -5.23564e-05
  74 -1.875 14.1201 0.962204 -5.38301e-05
  75 -1.625 13.8967 0.930725 -4.49918e-05
  76 -1.375 13.7611 0.918425 -6.11462e-05
  77 -1.125 13.795 0.921556 -1.54379e-05
  78 -0.875 13.7807 0.909124 -3.35095e-05
  79 -0.625 14.0499 0.935408 -1.84243e-05
  80 -0.375 14.5277 0.98958 -4.14175e-05
  81 -0.125 14.8 1.02745 5.39356e-06
  82 0.125 14.8493 1.05354 1.01106e-05
  83 0.375 14.7424 1.04927 8.63712e-06
  84 0.625 14.6839 1.0226 -4.45728e-05
  85 0.875 14.6787 0.990804 1.66744e-05
  86 1.125 14.2822 0.942608 3.37315e-05
  87 1.375 14.1226 0.935875 1.37266e-05
  88 1.625 13.8896 0.915539 -9.46964e-07
  89 1.875 14.0425 0.944 3.35665e-05
  90 2.125 14.3961 0.976172 1.43156e-05
  91 2.375 14.8287 1.03015 8.5951e-05
  92 2.625 15.3914 1.09092 7.80637e-05
  93 2.875 15.6579 1.09017 3.80637e-05
  94 3.125 15.865 1.08065 8.88464e-05
  95 3.375 15.6626 1.06067 7.67396e-05
  96 3.625 14.9184 1.01777 8.91215e-05
  97 3.875 14.1689 0.980667 0.000118107
  98 4.125 13.3497 0.93518 9.46811e-05
  99 4.375 13.0329 0.908873 0.000128531
  100 4.625 12.6744 0.851869 9.75215e-05
  101 4.875 12.8955 0.844547 0.000162045
  102 5.125 13.7599 0.86818 0.000117675
  103 5.375 15.0898 0.938953 0.000165909
  104 5.625 16.9735 1.08699 0.000145835
  105 5.875 19.1611 1.33234 0.000117245
  106 6.125 20.6369 1.57132 0.000149884
  107 6.375 19.5623 1.59572 0.000163626
  108 6.625 15.9196 1.27592 0.00016265
  109 6.875 12.3044 0.819205 0.000121818
  110 7.125 10.3592 0.538093 0.000117672
  111 7.375 9.45287 0.431147 9.73998e-05
  112 7.625 9.2434 0.432579 0.000198171
  113 7.875 9.97373 0.485764 0.000149546
  114 8.125 11.9763 0.624092 0.000178371
  115 8.375 14.9977 0.939215 0.000182613
  116 8.625 20.9897 1.56952 0.000172201
  117 8.875 30.5911 2.45819 0.000176679
  118 9.125 35.3417 2.81834 0.000194435
  119 9.375 25.8412 1.86589 0.000199993
  120 9.625 11.2193 0.555317 0.000137198
  121 9.875 4.11827 0.0859492 0.00026111
  122 10.125 1.9028 0.0223598 0.000183354
  123 10.375 0.862533 0.00982834 0.000134305
  124 10.625 0.191533 0.00218247 -0.000339077
  125 10.875 0.0122 0.000139016 0.000315499
  126 11.125 0 0 0
  127 11.375 0 0 0
  128 11.625 0 0 0
  129 11.875 0 0 0
  130 12.125 0 0 0
  131 12.375 0 0 0
  132 12.625 0 0 0
  133 12.875 0 0 0
  134 13.125 0 0 0
  135 13.375 0 0 0
  136 13.625 0 0 0
  137 13.875 0 0 0
  138 14.125 0 0 0
  139 14.375 0 0 0
  140 14.625 0 0 0
  141 14.875 0 0 0
  142 15.125 0 0 0
  143 15.375 0 0 0
  144 15.625 0 0 0
  145 15.875 0 0 0
  146 16.125 0 0 0
  147 16.375 0 0 0
  148 16.625 0 0 0
  149 16.875 0 0 0
  150 17.125 0 0 0
  151 17.375 0 0 0
  152 17.625 0 0 0
  153 17.875 0 0 0
  154 18.125 0 0 0
  155 18.375 0 0 0
  156 18.625 0 0 0
  157 18.875 0 0 0
  158 19.125 0 0 0
  159 19.375 0 0 0
  160 19.625 0 0 0
  161 19.875 0 0 0
  162 20.125 0 0 0
