# Time-averaged data for fix myat1
# TimeStep v_xave v_xdes
290100 -23.5962 -24
290200 -24.1204 -24
290300 -24.5504 -24
290400 -24.4414 -24
290500 -24.0863 -24
290600 -23.8115 -24
290700 -23.5418 -24
290800 -23.414 -24
290900 -23.4778 -24
291000 -23.2673 -24
291100 -23.0858 -24
291200 -22.8878 -24
291300 -22.9199 -24
291400 -22.9585 -24
291500 -23.1109 -24
291600 -23.2126 -24
291700 -23.4109 -24
291800 -24.062 -24
291900 -24.5893 -24
292000 -24.7447 -24
292100 -24.732 -24
292200 -24.6147 -24
292300 -24.5157 -24
292400 -24.6057 -24
292500 -24.5666 -24
292600 -24.3501 -24
292700 -24.1816 -24
292800 -24.1144 -24
292900 -24.0808 -24
293000 -24.0924 -24
293100 -24.2807 -24
293200 -23.9754 -24
293300 -23.3323 -24
293400 -22.6438 -24
293500 -22.3122 -24
293600 -22.3688 -24
293700 -22.8951 -24
293800 -23.8344 -24
293900 -24.5914 -24
294000 -24.974 -24
294100 -25.2094 -24
294200 -25.1676 -24
294300 -25.0497 -24
294400 -24.7015 -24
294500 -24.3228 -24
294600 -23.988 -24
294700 -23.77 -24
294800 -23.647 -24
294900 -23.7377 -24
295000 -23.7643 -24
295100 -23.7293 -24
295200 -23.661 -24
295300 -23.9673 -24
295400 -24.4744 -24
295500 -24.8482 -24
295600 -24.7992 -24
295700 -24.4792 -24
295800 -24.0945 -24
295900 -23.836 -24
296000 -23.6582 -24
296100 -23.8229 -24
296200 -23.7534 -24
296300 -23.6611 -24
296400 -23.8716 -24
296500 -24.2263 -24
296600 -24.4879 -24
296700 -24.5425 -24
296800 -24.3851 -24
296900 -24.0855 -24
297000 -23.9329 -24
297100 -23.9664 -24
297200 -24.2217 -24
297300 -24.4654 -24
297400 -24.5298 -24
297500 -24.3595 -24
297600 -24.6375 -24
297700 -25.0852 -24
297800 -25.0916 -24
297900 -24.731 -24
298000 -24.0489 -24
298100 -23.6931 -24
298200 -23.5347 -24
298300 -23.1939 -24
298400 -23.1201 -24
298500 -23.2354 -24
298600 -23.3603 -24
298700 -23.3413 -24
298800 -23.1234 -24
298900 -23.1649 -24
299000 -23.4292 -24
299100 -23.8986 -24
299200 -24.3761 -24
299300 -24.4431 -24
299400 -24.3414 -24
299500 -24.6101 -24
299600 -24.8748 -24
299700 -24.8408 -24
299800 -24.6972 -24
299900 -24.5839 -24
300000 -24.6319 -24
300100 -24.6164 -24
300200 -24.4638 -24
300300 -24.3681 -24
300400 -24.1383 -24
300500 -24.084 -24
300600 -24.2542 -24
300700 -24.2951 -24
300800 -24.3821 -24
300900 -24.5519 -24
301000 -24.6908 -24
301100 -24.7325 -24
301200 -25.0621 -24
301300 -25.2421 -24
301400 -25.3043 -24
301500 -25.3017 -24
301600 -25.0938 -24
301700 -24.4994 -24
301800 -24.0914 -24
301900 -23.8037 -24
302000 -23.5831 -24
302100 -23.4376 -24
302200 -23.4249 -24
302300 -23.7882 -24
302400 -24.2684 -24
302500 -24.8878 -24
302600 -25.3723 -24
302700 -25.3262 -24
302800 -24.6637 -24
302900 -23.9443 -24
303000 -23.4606 -24
303100 -22.9583 -24
303200 -22.8741 -24
303300 -23.0524 -24
303400 -23.5537 -24
303500 -24.016 -24
303600 -23.8115 -24
303700 -23.3148 -24
303800 -22.8845 -24
303900 -22.7079 -24
304000 -22.8102 -24
304100 -23.4101 -24
304200 -23.8639 -24
304300 -24.3134 -24
304400 -24.4635 -24
304500 -24.1264 -24
304600 -23.784 -24
304700 -23.5807 -24
304800 -23.2497 -24
304900 -23.0052 -24
305000 -22.9807 -24
305100 -22.9716 -24
305200 -23.3196 -24
305300 -23.7383 -24
305400 -24.2456 -24
305500 -24.7379 -24
305600 -24.9347 -24
305700 -24.9095 -24
305800 -24.5863 -24
305900 -24.4447 -24
306000 -24.3484 -24
306100 -24.2541 -24
306200 -24.4839 -24
306300 -24.9017 -24
306400 -24.7596 -24
306500 -24.4345 -24
306600 -24.0231 -24
306700 -23.7246 -24
306800 -23.6674 -24
306900 -23.748 -24
307000 -23.9639 -24
307100 -24.0397 -24
307200 -23.9112 -24
307300 -23.4651 -24
307400 -23.3538 -24
307500 -23.5923 -24
307600 -23.6821 -24
307700 -23.888 -24
307800 -24.1585 -24
307900 -24.2619 -24
308000 -24.0787 -24
308100 -23.7689 -24
308200 -23.9074 -24
308300 -24.4095 -24
308400 -24.9218 -24
308500 -25.1993 -24
308600 -25.1808 -24
308700 -25.1099 -24
308800 -24.9012 -24
308900 -24.5765 -24
309000 -24.3609 -24
309100 -24.3019 -24
309200 -24.2334 -24
309300 -24.1512 -24
309400 -24.0769 -24
309500 -24.1774 -24
309600 -24.3577 -24
309700 -24.2853 -24
309800 -23.9301 -24
309900 -23.557 -24
310000 -23.2686 -24
310100 -23.113 -24
310200 -22.9027 -24
310300 -23.0642 -24
310400 -23.3707 -24
310500 -23.4824 -24
310600 -23.2479 -24
310700 -22.9968 -24
310800 -22.726 -24
310900 -22.5589 -24
311000 -22.957 -24
311100 -23.5751 -24
311200 -24.0453 -24
311300 -24.2936 -24
311400 -24.3035 -24
311500 -24.2056 -24
311600 -24.149 -24
311700 -23.8713 -24
311800 -23.4665 -24
311900 -23.1161 -24
312000 -22.8982 -24
312100 -23.0295 -24
312200 -23.5888 -24
312300 -24.3246 -24
312400 -25.1129 -24
312500 -25.4717 -24
312600 -25.536 -24
312700 -25.5139 -24
312800 -25.2272 -24
312900 -24.725 -24
313000 -24.0822 -24
313100 -23.5692 -24
313200 -23.3383 -24
313300 -23.3565 -24
313400 -23.63 -24
313500 -24.1298 -24
313600 -24.6077 -24
313700 -24.7396 -24
313800 -24.7522 -24
313900 -24.6445 -24
314000 -24.2828 -24
314100 -23.9436 -24
314200 -23.4921 -24
314300 -23.1702 -24
314400 -23.0582 -24
314500 -23.3752 -24
314600 -23.593 -24
314700 -24.0009 -24
314800 -24.7881 -24
314900 -25.3745 -24
315000 -25.7109 -24
315100 -26.192 -24
315200 -26.4901 -24
315300 -26.1982 -24
315400 -25.5551 -24
315500 -24.8605 -24
315600 -24.1595 -24
315700 -23.6821 -24
315800 -23.5555 -24
315900 -23.6205 -24
316000 -23.7571 -24
316100 -23.8594 -24
316200 -24.0175 -24
316300 -23.934 -24
316400 -23.868 -24
316500 -24.0458 -24
316600 -24.3465 -24
316700 -24.7245 -24
316800 -24.7417 -24
316900 -24.583 -24
317000 -24.385 -24
317100 -23.9638 -24
317200 -23.463 -24
317300 -23.1658 -24
317400 -23.3194 -24
317500 -23.4617 -24
317600 -23.6359 -24
317700 -23.7013 -24
317800 -23.8663 -24
317900 -24.3094 -24
318000 -24.6781 -24
318100 -24.7688 -24
318200 -24.5887 -24
318300 -24.3343 -24
318400 -24.1692 -24
318500 -24.0611 -24
318600 -23.8234 -24
318700 -23.5055 -24
318800 -23.4 -24
318900 -23.6448 -24
319000 -24.0634 -24
319100 -24.5913 -24
319200 -24.7953 -24
319300 -24.8281 -24
319400 -25.1601 -24
319500 -25.4001 -24
319600 -25.4341 -24
319700 -25.294 -24
319800 -25.0028 -24
319900 -24.4843 -24
320000 -23.892 -24
320100 -23.3459 -24
320200 -23.0504 -24
320300 -23.167 -24
320400 -23.5778 -24
320500 -24.0555 -24
320600 -24.7277 -24
320700 -25.356 -24
320800 -25.2108 -24
320900 -25.0848 -24
321000 -25.3039 -24
321100 -25.2108 -24
321200 -24.961 -24
321300 -24.419 -24
321400 -23.7094 -24
321500 -23.2916 -24
321600 -23.0748 -24
321700 -23.1424 -24
321800 -23.1293 -24
321900 -23.0515 -24
322000 -23.0165 -24
322100 -22.9805 -24
322200 -22.9482 -24
322300 -23.2348 -24
322400 -23.7544 -24
322500 -24.0669 -24
322600 -24.177 -24
322700 -24.1877 -24
322800 -24.3027 -24
322900 -24.3652 -24
323000 -23.914 -24
323100 -23.3489 -24
323200 -23.051 -24
323300 -23.0746 -24
323400 -23.3653 -24
323500 -23.6031 -24
323600 -23.7378 -24
323700 -23.7258 -24
323800 -23.5647 -24
323900 -23.4086 -24
324000 -23.3527 -24
324100 -23.3682 -24
324200 -23.4302 -24
324300 -23.7377 -24
324400 -23.8896 -24
324500 -23.6839 -24
324600 -23.4991 -24
324700 -23.3889 -24
324800 -23.2983 -24
324900 -23.2761 -24
325000 -23.4127 -24
325100 -23.6429 -24
325200 -23.8585 -24
325300 -24.016 -24
325400 -24.2347 -24
325500 -24.4186 -24
325600 -24.5566 -24
325700 -24.6453 -24
325800 -24.4327 -24
325900 -24.152 -24
326000 -23.922 -24
326100 -23.8115 -24
326200 -23.8145 -24
326300 -24.3897 -24
326400 -24.982 -24
326500 -25.3514 -24
326600 -25.4345 -24
326700 -25.3065 -24
326800 -25.3626 -24
326900 -25.5096 -24
327000 -25.5585 -24
327100 -25.6174 -24
327200 -25.6443 -24
327300 -25.6582 -24
327400 -25.4028 -24
327500 -25.1282 -24
327600 -24.946 -24
327700 -24.5602 -24
327800 -23.9019 -24
327900 -23.2255 -24
328000 -22.6372 -24
328100 -22.4103 -24
328200 -22.5309 -24
328300 -22.632 -24
328400 -22.6645 -24
328500 -22.9369 -24
328600 -23.1548 -24
328700 -23.2505 -24
328800 -23.3223 -24
328900 -23.4711 -24
329000 -23.6965 -24
329100 -23.8889 -24
329200 -24.0698 -24
329300 -23.9427 -24
329400 -23.8632 -24
329500 -23.7749 -24
329600 -23.6974 -24
329700 -23.8885 -24
329800 -24.103 -24
329900 -23.9351 -24
330000 -23.7647 -24
330100 -23.5038 -24
330200 -23.1392 -24
330300 -22.9488 -24
330400 -23.1794 -24
330500 -23.4957 -24
330600 -24.0466 -24
330700 -24.8977 -24
330800 -25.5393 -24
330900 -25.98 -24
331000 -26.2034 -24
331100 -26.0946 -24
331200 -25.6471 -24
331300 -24.9788 -24
331400 -24.2774 -24
331500 -24.1256 -24
331600 -24.2563 -24
331700 -24.3606 -24
331800 -24.3902 -24
331900 -24.2614 -24
332000 -23.9408 -24
332100 -23.3811 -24
332200 -23.0604 -24
332300 -23.2184 -24
332400 -23.5286 -24
332500 -23.8544 -24
332600 -24.2542 -24
332700 -24.6228 -24
332800 -24.7006 -24
332900 -24.8021 -24
333000 -24.765 -24
333100 -24.5899 -24
333200 -24.4664 -24
333300 -24.3688 -24
333400 -24.1548 -24
333500 -23.9054 -24
333600 -23.8931 -24
333700 -23.7987 -24
333800 -23.6983 -24
333900 -23.7359 -24
334000 -23.9769 -24
334100 -24.5555 -24
334200 -25.167 -24
334300 -25.6327 -24
334400 -25.6218 -24
334500 -25.0923 -24
334600 -24.3854 -24
334700 -23.9341 -24
334800 -23.8299 -24
334900 -24.0108 -24
335000 -24.0585 -24
335100 -24.1487 -24
335200 -24.2321 -24
335300 -24.1652 -24
335400 -24.0491 -24
335500 -23.9085 -24
335600 -23.9852 -24
335700 -24.2806 -24
335800 -24.5392 -24
335900 -24.4992 -24
336000 -24.3399 -24
336100 -24.0591 -24
336200 -23.7375 -24
336300 -23.6632 -24
336400 -23.4385 -24
336500 -23.5328 -24
336600 -23.7752 -24
336700 -23.7679 -24
336800 -23.5914 -24
336900 -23.4335 -24
337000 -23.6494 -24
337100 -23.9471 -24
337200 -24.1313 -24
337300 -24.2112 -24
337400 -24.272 -24
337500 -24.2457 -24
337600 -24.0604 -24
337700 -24.0985 -24
337800 -24.1501 -24
337900 -23.9053 -24
338000 -23.7937 -24
338100 -23.7243 -24
338200 -23.5543 -24
338300 -23.7049 -24
338400 -24.0496 -24
338500 -24.3838 -24
338600 -24.5498 -24
338700 -24.5787 -24
338800 -24.345 -24
338900 -23.724 -24
339000 -23.1193 -24
339100 -22.5233 -24
339200 -22.1055 -24
339300 -21.9827 -24
339400 -22.004 -24
339500 -22.1998 -24
339600 -22.7573 -24
339700 -23.2944 -24
339800 -23.7665 -24
339900 -24.1435 -24
340000 -24.4145 -24
340100 -24.3768 -24
340200 -24.2192 -24
340300 -24.2491 -24
340400 -24.38 -24
340500 -24.4159 -24
340600 -24.2599 -24
340700 -24.2319 -24
340800 -24.4905 -24
340900 -24.6735 -24
341000 -24.8921 -24
341100 -25.1751 -24
341200 -25.1362 -24
341300 -25.1267 -24
341400 -24.8802 -24
341500 -24.2996 -24
341600 -23.6735 -24
341700 -23.4727 -24
341800 -23.3154 -24
341900 -23.265 -24
342000 -23.2796 -24
342100 -23.4198 -24
342200 -23.9083 -24
342300 -24.5619 -24
342400 -25.0632 -24
342500 -25.4048 -24
342600 -25.3697 -24
342700 -25.1714 -24
342800 -24.896 -24
342900 -24.4498 -24
343000 -23.9964 -24
343100 -23.8813 -24
343200 -24.1184 -24
343300 -24.3301 -24
343400 -24.4684 -24
343500 -24.3423 -24
343600 -24.0305 -24
343700 -23.7709 -24
343800 -23.5411 -24
343900 -23.5064 -24
344000 -23.3939 -24
344100 -23.4129 -24
344200 -23.4728 -24
344300 -23.491 -24
344400 -23.4334 -24
344500 -23.4997 -24
344600 -23.7724 -24
344700 -24.3256 -24
344800 -24.8003 -24
344900 -25.1127 -24
345000 -25.2458 -24
345100 -25.0699 -24
345200 -24.8352 -24
345300 -24.5133 -24
345400 -24.0725 -24
345500 -23.8243 -24
345600 -23.673 -24
345700 -23.5367 -24
345800 -23.6085 -24
345900 -23.8612 -24
346000 -24.1578 -24
346100 -24.228 -24
346200 -24.1302 -24
346300 -24.3187 -24
346400 -24.4273 -24
346500 -24.4483 -24
346600 -24.4375 -24
346700 -24.2222 -24
346800 -24.0638 -24
346900 -23.9612 -24
347000 -23.7576 -24
347100 -23.6016 -24
347200 -23.4925 -24
347300 -23.5104 -24
347400 -23.6374 -24
347500 -23.6478 -24
347600 -23.5829 -24
347700 -23.7937 -24
347800 -24.1017 -24
347900 -24.3413 -24
348000 -24.2591 -24
348100 -23.7912 -24
348200 -23.368 -24
348300 -23.2174 -24
348400 -23.1012 -24
348500 -23.1757 -24
348600 -23.3406 -24
348700 -23.5948 -24
348800 -23.7746 -24
348900 -23.7538 -24
349000 -23.5566 -24
349100 -23.4784 -24
349200 -23.4366 -24
349300 -23.3389 -24
349400 -23.5109 -24
349500 -24.0579 -24
349600 -24.5683 -24
349700 -24.7741 -24
349800 -24.869 -24
349900 -24.8519 -24
350000 -24.8127 -24
350100 -24.7402 -24
350200 -24.8367 -24
350300 -25.2258 -24
350400 -25.3955 -24
350500 -25.3145 -24
350600 -25.0337 -24
350700 -24.7695 -24
350800 -24.4704 -24
350900 -24.1328 -24
351000 -23.9054 -24
351100 -23.9194 -24
351200 -23.9451 -24
351300 -24.1013 -24
351400 -24.1399 -24
351500 -23.9456 -24
351600 -23.6909 -24
351700 -23.6259 -24
351800 -23.6722 -24
351900 -23.7389 -24
352000 -23.916 -24
352100 -24.0276 -24
352200 -24.0322 -24
352300 -24.2188 -24
352400 -24.1744 -24
352500 -23.8508 -24
352600 -23.8992 -24
352700 -23.8717 -24
352800 -23.8379 -24
352900 -23.8561 -24
353000 -23.727 -24
353100 -23.6877 -24
353200 -23.5564 -24
353300 -23.4076 -24
353400 -23.2241 -24
353500 -23.4282 -24
353600 -23.8863 -24
353700 -24.2718 -24
353800 -24.5055 -24
353900 -24.5485 -24
354000 -24.2442 -24
354100 -24.1596 -24
354200 -24.163 -24
354300 -24.3825 -24
354400 -24.5315 -24
354500 -24.4483 -24
354600 -24.5815 -24
354700 -24.7851 -24
354800 -25.0857 -24
354900 -25.6174 -24
355000 -26.1069 -24
355100 -26.1833 -24
355200 -25.6732 -24
355300 -24.9691 -24
355400 -24.3325 -24
355500 -23.8776 -24
355600 -23.985 -24
355700 -24.3366 -24
355800 -24.5261 -24
355900 -24.5702 -24
356000 -24.1731 -24
356100 -23.8156 -24
356200 -23.7778 -24
356300 -23.6815 -24
356400 -23.6072 -24
356500 -23.5155 -24
356600 -23.4409 -24
356700 -23.5961 -24
356800 -23.5721 -24
356900 -23.7233 -24
357000 -23.759 -24
357100 -23.5618 -24
357200 -23.3747 -24
357300 -23.1677 -24
357400 -22.9428 -24
357500 -22.8326 -24
357600 -23.1103 -24
357700 -23.5753 -24
357800 -23.8059 -24
357900 -23.678 -24
358000 -23.784 -24
358100 -23.6474 -24
358200 -23.4736 -24
358300 -23.5713 -24
358400 -23.607 -24
358500 -23.6412 -24
358600 -23.6265 -24
358700 -23.5938 -24
358800 -23.7792 -24
358900 -24.0466 -24
359000 -24.3105 -24
359100 -24.4513 -24
359200 -24.449 -24
359300 -24.2854 -24
359400 -23.8726 -24
359500 -23.4651 -24
359600 -23.5237 -24
359700 -23.736 -24
359800 -24.0491 -24
359900 -24.2276 -24
360000 -24.0868 -24
360100 -23.8563 -24
360200 -23.6983 -24
360300 -23.4681 -24
360400 -23.139 -24
360500 -23.3622 -24
360600 -23.7934 -24
360700 -23.9491 -24
360800 -24.1914 -24
360900 -24.2206 -24
361000 -23.9005 -24
361100 -23.476 -24
361200 -23.2976 -24
361300 -23.1125 -24
361400 -23.1178 -24
361500 -23.188 -24
361600 -23.1411 -24
361700 -23.3963 -24
361800 -24.0272 -24
361900 -24.469 -24
362000 -24.5746 -24
362100 -24.5276 -24
362200 -24.3538 -24
362300 -24.0583 -24
362400 -23.6753 -24
362500 -23.4988 -24
362600 -23.7123 -24
362700 -23.9849 -24
362800 -24.1573 -24
362900 -24.2155 -24
363000 -24.2447 -24
363100 -24.4605 -24
363200 -24.5327 -24
363300 -24.2427 -24
363400 -24.027 -24
363500 -24.0232 -24
363600 -24.133 -24
363700 -24.1869 -24
363800 -24.4166 -24
363900 -24.5839 -24
364000 -24.6477 -24
364100 -24.6948 -24
364200 -24.3664 -24
364300 -24.0036 -24
364400 -23.839 -24
364500 -23.6482 -24
364600 -23.5055 -24
364700 -23.2549 -24
364800 -23.327 -24
364900 -23.679 -24
365000 -23.7111 -24
365100 -23.5818 -24
365200 -23.452 -24
365300 -23.5158 -24
365400 -23.5682 -24
365500 -23.5955 -24
365600 -23.7839 -24
365700 -23.8798 -24
365800 -24.2486 -24
365900 -24.6047 -24
366000 -24.6939 -24
366100 -24.6022 -24
366200 -24.6566 -24
366300 -24.5819 -24
366400 -24.5288 -24
366500 -24.2877 -24
366600 -23.9748 -24
366700 -23.8021 -24
366800 -23.6983 -24
366900 -23.508 -24
367000 -23.505 -24
367100 -23.4358 -24
367200 -23.5819 -24
367300 -24.1778 -24
367400 -24.896 -24
367500 -25.4711 -24
367600 -25.315 -24
367700 -24.8704 -24
367800 -24.4301 -24
367900 -23.8156 -24
368000 -23.2691 -24
368100 -23.0503 -24
368200 -23.2519 -24
368300 -23.5768 -24
368400 -23.9446 -24
368500 -23.8759 -24
368600 -23.6568 -24
368700 -23.4019 -24
368800 -23.237 -24
368900 -23.1169 -24
369000 -22.9836 -24
369100 -23.0683 -24
369200 -23.0481 -24
369300 -23.0937 -24
369400 -23.3121 -24
369500 -23.2389 -24
369600 -23.1455 -24
369700 -23.374 -24
369800 -23.6927 -24
369900 -23.9688 -24
370000 -24.3491 -24
370100 -24.7747 -24
370200 -25.3739 -24
370300 -25.8568 -24
370400 -25.9994 -24
370500 -25.9083 -24
370600 -25.4811 -24
370700 -24.5863 -24
370800 -23.7664 -24
370900 -23.135 -24
371000 -23.0876 -24
371100 -23.149 -24
371200 -23.2565 -24
371300 -23.4903 -24
371400 -23.8267 -24
371500 -24.3741 -24
371600 -24.6661 -24
371700 -24.8021 -24
371800 -24.7509 -24
371900 -24.5319 -24
372000 -23.9792 -24
372100 -23.4129 -24
372200 -22.9809 -24
372300 -22.7862 -24
372400 -22.7576 -24
372500 -22.7624 -24
372600 -22.8836 -24
372700 -23.2457 -24
372800 -23.6684 -24
372900 -23.955 -24
373000 -23.9534 -24
373100 -23.5696 -24
373200 -23.3291 -24
373300 -23.5611 -24
373400 -23.9798 -24
373500 -24.4416 -24
373600 -24.7651 -24
373700 -24.8167 -24
373800 -24.862 -24
373900 -24.9911 -24
374000 -25.0641 -24
374100 -24.7881 -24
374200 -24.4319 -24
374300 -24.0999 -24
374400 -23.9893 -24
374500 -24.0392 -24
374600 -24.1859 -24
374700 -24.366 -24
374800 -24.1424 -24
374900 -23.8695 -24
375000 -23.6626 -24
375100 -23.5284 -24
375200 -23.5319 -24
375300 -23.8061 -24
375400 -24.1673 -24
375500 -24.5707 -24
375600 -24.836 -24
375700 -24.7637 -24
375800 -24.724 -24
375900 -24.5241 -24
376000 -24.3555 -24
376100 -23.9914 -24
376200 -23.5697 -24
376300 -23.3031 -24
376400 -23.3659 -24
376500 -23.2376 -24
376600 -22.9761 -24
376700 -23.0529 -24
376800 -23.3209 -24
376900 -23.7647 -24
377000 -24.0866 -24
377100 -24.3131 -24
377200 -24.5692 -24
377300 -24.8778 -24
377400 -25.0667 -24
377500 -24.8049 -24
377600 -24.3391 -24
377700 -23.8424 -24
377800 -23.3066 -24
377900 -23.2695 -24
378000 -23.1815 -24
378100 -22.9791 -24
378200 -23.07 -24
378300 -23.2682 -24
378400 -23.4361 -24
378500 -23.4922 -24
378600 -23.6255 -24
378700 -23.7528 -24
378800 -23.9882 -24
378900 -24.342 -24
379000 -24.7358 -24
379100 -25.0433 -24
379200 -25.3053 -24
379300 -25.2795 -24
379400 -25.0483 -24
379500 -24.8427 -24
379600 -24.484 -24
379700 -23.7902 -24
379800 -23.0731 -24
379900 -22.512 -24
380000 -22.4036 -24
380100 -22.6503 -24
380200 -23.1599 -24
380300 -23.8309 -24
380400 -24.3076 -24
380500 -24.6419 -24
380600 -24.4268 -24
380700 -24.0863 -24
380800 -24.1004 -24
380900 -24.3583 -24
381000 -24.6979 -24
381100 -24.6887 -24
381200 -24.1042 -24
381300 -23.3998 -24
381400 -22.8514 -24
381500 -22.679 -24
381600 -22.869 -24
381700 -23.3404 -24
381800 -23.9758 -24
381900 -24.5802 -24
382000 -25.2116 -24
382100 -25.648 -24
382200 -25.6263 -24
382300 -25.1948 -24
382400 -24.7928 -24
382500 -24.6376 -24
382600 -24.5774 -24
382700 -24.3834 -24
382800 -24.1086 -24
382900 -23.9744 -24
383000 -24.0433 -24
383100 -24.1266 -24
383200 -23.9848 -24
383300 -23.8809 -24
383400 -23.7903 -24
383500 -23.7544 -24
383600 -23.6927 -24
383700 -23.5665 -24
383800 -23.914 -24
383900 -24.6434 -24
384000 -25.0665 -24
384100 -24.9265 -24
384200 -24.4317 -24
384300 -23.6646 -24
384400 -23.4666 -24
384500 -24.0212 -24
384600 -24.5783 -24
384700 -25.0015 -24
384800 -25.126 -24
384900 -25.0564 -24
385000 -24.9426 -24
385100 -24.9375 -24
385200 -24.9623 -24
385300 -24.633 -24
385400 -24.267 -24
385500 -23.7937 -24
385600 -23.58 -24
385700 -23.9547 -24
385800 -24.1019 -24
385900 -24.0578 -24
386000 -24.2891 -24
386100 -24.6027 -24
386200 -24.7241 -24
386300 -24.6318 -24
386400 -24.5156 -24
386500 -24.426 -24
386600 -24.2567 -24
386700 -24.1761 -24
386800 -23.936 -24
386900 -23.6658 -24
387000 -23.8528 -24
387100 -24.1203 -24
387200 -24.3077 -24
387300 -24.388 -24
387400 -24.4036 -24
387500 -24.3541 -24
387600 -24.2683 -24
387700 -24.2641 -24
387800 -24.1031 -24
387900 -23.981 -24
388000 -24.0285 -24
388100 -23.7761 -24
388200 -23.5183 -24
388300 -23.3951 -24
388400 -23.3811 -24
388500 -23.6128 -24
388600 -23.7559 -24
388700 -23.5321 -24
388800 -23.4647 -24
388900 -23.6949 -24
389000 -24.2093 -24
389100 -24.7533 -24
389200 -25.3461 -24
389300 -25.7659 -24
389400 -25.467 -24
389500 -24.7807 -24
389600 -24.3874 -24
389700 -24.0869 -24
389800 -23.7818 -24
389900 -23.7443 -24
390000 -23.8109 -24
390100 -24.2312 -24
390200 -24.6674 -24
390300 -24.7935 -24
390400 -24.7323 -24
390500 -24.5924 -24
390600 -24.1859 -24
390700 -23.7192 -24
390800 -23.6833 -24
390900 -23.9499 -24
391000 -24.2278 -24
391100 -24.5019 -24
391200 -24.7081 -24
391300 -24.7998 -24
391400 -24.5821 -24
391500 -24.2668 -24
391600 -24.0393 -24
391700 -23.8008 -24
391800 -23.5727 -24
391900 -23.192 -24
392000 -23.0031 -24
392100 -22.8121 -24
392200 -22.863 -24
392300 -23.1151 -24
392400 -23.3748 -24
392500 -23.6562 -24
392600 -23.8144 -24
392700 -23.884 -24
392800 -23.9018 -24
392900 -23.9031 -24
393000 -23.7206 -24
393100 -23.4504 -24
393200 -23.0718 -24
393300 -22.5288 -24
393400 -22.1842 -24
393500 -22.0206 -24
393600 -22.2477 -24
393700 -22.7815 -24
393800 -23.3307 -24
393900 -23.8277 -24
394000 -24.27 -24
394100 -24.5869 -24
394200 -24.8512 -24
394300 -24.8831 -24
394400 -24.7439 -24
394500 -24.8953 -24
394600 -25.0454 -24
394700 -24.9461 -24
394800 -24.7451 -24
394900 -24.5048 -24
395000 -24.2868 -24
395100 -24.2128 -24
395200 -24.1675 -24
395300 -24.0621 -24
395400 -24.0247 -24
395500 -24.0167 -24
395600 -23.5763 -24
395700 -22.9653 -24
395800 -22.5654 -24
395900 -22.4913 -24
396000 -22.5244 -24
396100 -22.664 -24
396200 -22.737 -24
396300 -22.8207 -24
396400 -23.088 -24
396500 -23.4357 -24
396600 -23.6841 -24
396700 -23.7412 -24
396800 -23.7105 -24
396900 -23.5644 -24
397000 -23.1397 -24
397100 -22.7998 -24
397200 -22.6761 -24
397300 -22.8477 -24
397400 -23.1012 -24
397500 -23.2701 -24
397600 -23.4646 -24
397700 -23.5764 -24
397800 -23.7037 -24
397900 -24.0092 -24
398000 -24.3063 -24
398100 -24.6633 -24
398200 -24.9913 -24
398300 -25.0123 -24
398400 -24.9368 -24
398500 -24.7549 -24
398600 -24.329 -24
398700 -24.1597 -24
398800 -24.0013 -24
398900 -23.9014 -24
399000 -23.9773 -24
399100 -24.1914 -24
399200 -24.6293 -24
399300 -24.8333 -24
399400 -24.8534 -24
399500 -24.6475 -24
399600 -24.4089 -24
399700 -24.1601 -24
399800 -24.0793 -24
399900 -24.1156 -24
400000 -23.8517 -24
400100 -23.3985 -24
400200 -23.106 -24
400300 -23.0782 -24
400400 -23.4797 -24
400500 -23.8971 -24
400600 -23.9861 -24
400700 -24.1458 -24
400800 -24.3545 -24
400900 -24.5585 -24
401000 -24.7341 -24
401100 -24.8591 -24
401200 -24.6823 -24
401300 -24.2787 -24
401400 -24.0546 -24
401500 -23.9284 -24
401600 -23.853 -24
401700 -24.0898 -24
401800 -24.3565 -24
401900 -24.0677 -24
402000 -23.7749 -24
402100 -23.2923 -24
402200 -22.9561 -24
402300 -22.7392 -24
402400 -22.731 -24
402500 -23.0196 -24
402600 -23.4127 -24
402700 -23.7322 -24
402800 -24.0626 -24
402900 -24.1466 -24
403000 -23.9613 -24
403100 -23.8465 -24
403200 -23.9242 -24
403300 -24.2104 -24
403400 -24.3173 -24
403500 -24.2598 -24
403600 -24.486 -24
403700 -24.6025 -24
403800 -24.7354 -24
403900 -24.7316 -24
404000 -24.7464 -24
404100 -24.5873 -24
404200 -24.0194 -24
404300 -23.5833 -24
404400 -23.3992 -24
404500 -23.3154 -24
404600 -23.2003 -24
404700 -23.4386 -24
404800 -23.9037 -24
404900 -24.0401 -24
405000 -24.3022 -24
405100 -24.4376 -24
405200 -24.3983 -24
405300 -24.2676 -24
405400 -24.1505 -24
405500 -24.0548 -24
405600 -24.0359 -24
405700 -24.1397 -24
405800 -24.1889 -24
405900 -24.2483 -24
406000 -24.0743 -24
406100 -23.899 -24
406200 -24.0081 -24
406300 -24.1336 -24
406400 -23.9404 -24
406500 -23.7313 -24
406600 -23.8921 -24
406700 -23.8632 -24
406800 -23.7558 -24
406900 -23.9397 -24
407000 -23.9403 -24
407100 -24.0293 -24
407200 -24.2324 -24
407300 -24.4149 -24
407400 -24.4015 -24
407500 -24.182 -24
407600 -24.1769 -24
407700 -24.4513 -24
407800 -24.7416 -24
407900 -24.6397 -24
408000 -24.2027 -24
408100 -23.7284 -24
408200 -23.554 -24
408300 -23.3577 -24
408400 -22.9461 -24
408500 -22.3415 -24
408600 -22.0762 -24
408700 -22.276 -24
408800 -22.6463 -24
408900 -23.0295 -24
409000 -23.3701 -24
409100 -23.9729 -24
409200 -24.7247 -24
409300 -25.149 -24
409400 -25.2419 -24
409500 -24.9853 -24
409600 -24.445 -24
409700 -23.9652 -24
409800 -23.6856 -24
409900 -23.6789 -24
410000 -23.8678 -24
410100 -24.1205 -24
410200 -24.3228 -24
410300 -24.5253 -24
410400 -24.4591 -24
410500 -24.3796 -24
410600 -24.2162 -24
410700 -23.7898 -24
410800 -23.4982 -24
410900 -23.4205 -24
411000 -23.5911 -24
411100 -23.7121 -24
411200 -23.9333 -24
411300 -23.9993 -24
411400 -23.8675 -24
411500 -23.4737 -24
411600 -23.124 -24
411700 -23.0518 -24
411800 -23.3324 -24
411900 -23.4749 -24
412000 -23.4564 -24
412100 -23.6916 -24
412200 -23.9535 -24
412300 -24.0754 -24
412400 -24.0278 -24
412500 -23.7463 -24
412600 -23.7963 -24
412700 -23.9833 -24
412800 -23.9629 -24
412900 -23.7837 -24
413000 -23.4458 -24
413100 -23.3245 -24
413200 -23.1797 -24
413300 -23.0478 -24
413400 -22.8874 -24
413500 -23.1756 -24
413600 -23.6163 -24
413700 -23.8517 -24
413800 -24.0033 -24
413900 -24.1498 -24
414000 -24.0691 -24
414100 -23.9971 -24
414200 -24.0495 -24
414300 -24.1492 -24
414400 -24.0065 -24
414500 -23.9315 -24
414600 -23.9846 -24
414700 -24.2551 -24
414800 -24.6602 -24
414900 -24.7057 -24
415000 -24.5533 -24
415100 -24.324 -24
415200 -24.3048 -24
415300 -24.3398 -24
415400 -24.3762 -24
415500 -24.4531 -24
415600 -24.4022 -24
415700 -24.5483 -24
415800 -24.5766 -24
415900 -24.5522 -24
416000 -24.4622 -24
416100 -24.4313 -24
416200 -24.1975 -24
416300 -23.9677 -24
416400 -23.8587 -24
416500 -23.8814 -24
416600 -23.885 -24
416700 -24.1366 -24
416800 -24.558 -24
416900 -24.8852 -24
417000 -25.039 -24
417100 -24.8557 -24
417200 -24.4234 -24
417300 -23.8603 -24
417400 -23.4083 -24
417500 -23.0674 -24
417600 -23.1726 -24
417700 -23.5441 -24
417800 -23.6904 -24
417900 -23.4707 -24
418000 -23.2674 -24
418100 -23.0964 -24
418200 -22.8542 -24
418300 -22.6525 -24
418400 -22.8014 -24
418500 -22.9016 -24
418600 -23.2353 -24
418700 -23.8433 -24
418800 -24.3934 -24
418900 -24.7202 -24
419000 -24.9305 -24
419100 -24.6955 -24
419200 -24.4628 -24
419300 -24.4733 -24
419400 -24.3685 -24
419500 -24.1161 -24
419600 -23.7199 -24
419700 -23.302 -24
419800 -22.8655 -24
419900 -22.5239 -24
420000 -22.3637 -24
420100 -22.2661 -24
420200 -22.1619 -24
420300 -22.2372 -24
420400 -22.5143 -24
420500 -23.0514 -24
420600 -23.5404 -24
420700 -23.8762 -24
420800 -24.1219 -24
420900 -24.1592 -24
421000 -24.0264 -24
421100 -24.0551 -24
421200 -24.1337 -24
421300 -23.8633 -24
421400 -23.3608 -24
421500 -22.7158 -24
421600 -22.3939 -24
421700 -22.4473 -24
421800 -22.8083 -24
421900 -23.2767 -24
422000 -23.9943 -24
422100 -24.6052 -24
422200 -24.9683 -24
422300 -25.1387 -24
422400 -24.9464 -24
422500 -24.5293 -24
422600 -24.214 -24
422700 -24.0505 -24
422800 -24.1447 -24
422900 -24.367 -24
423000 -24.7188 -24
423100 -25.0967 -24
423200 -25.1013 -24
423300 -24.7085 -24
423400 -24.2186 -24
423500 -23.7881 -24
423600 -23.2493 -24
423700 -22.8689 -24
423800 -22.5824 -24
423900 -22.5619 -24
424000 -22.5356 -24
424100 -22.765 -24
424200 -23.2089 -24
424300 -23.7325 -24
424400 -24.1789 -24
424500 -24.6177 -24
424600 -24.9 -24
424700 -24.789 -24
424800 -24.5958 -24
424900 -24.642 -24
425000 -24.7638 -24
425100 -24.5013 -24
425200 -24.2106 -24
425300 -23.9076 -24
425400 -23.7007 -24
425500 -23.602 -24
425600 -23.7383 -24
425700 -23.8952 -24
425800 -23.8207 -24
425900 -23.844 -24
426000 -24.0242 -24
426100 -24.1439 -24
426200 -24.1779 -24
426300 -24.1447 -24
426400 -24.0129 -24
426500 -23.9504 -24
426600 -24.1148 -24
426700 -24.1354 -24
426800 -24.0821 -24
426900 -24.1064 -24
427000 -23.9502 -24
427100 -23.9215 -24
427200 -23.9497 -24
427300 -24.205 -24
427400 -24.2288 -24
427500 -24.5372 -24
427600 -24.5626 -24
427700 -24.4882 -24
427800 -24.3104 -24
427900 -24.2017 -24
428000 -24.0609 -24
428100 -23.9271 -24
428200 -23.8866 -24
428300 -23.8476 -24
428400 -24.1271 -24
428500 -24.6244 -24
428600 -24.9839 -24
428700 -24.8543 -24
428800 -24.7448 -24
428900 -24.5215 -24
429000 -24.2659 -24
429100 -24.3876 -24
429200 -24.5374 -24
429300 -24.6359 -24
429400 -24.6799 -24
429500 -24.6362 -24
429600 -24.4058 -24
429700 -24.2163 -24
429800 -23.9173 -24
429900 -23.9199 -24
430000 -23.9137 -24
430100 -23.7249 -24
430200 -23.437 -24
430300 -23.2471 -24
430400 -23.3625 -24
430500 -23.407 -24
430600 -23.4797 -24
430700 -23.277 -24
430800 -23.2408 -24
430900 -23.4829 -24
431000 -23.4993 -24
431100 -23.5014 -24
431200 -23.4055 -24
431300 -23.3701 -24
431400 -23.603 -24
431500 -23.9472 -24
431600 -24.0639 -24
431700 -23.9592 -24
431800 -23.8676 -24
431900 -23.6299 -24
432000 -23.3726 -24
432100 -23.2082 -24
432200 -23.335 -24
432300 -23.3201 -24
432400 -23.2074 -24
432500 -23.2142 -24
432600 -23.4284 -24
432700 -23.7302 -24
432800 -24.0909 -24
432900 -24.1597 -24
433000 -24.2228 -24
433100 -24.2887 -24
433200 -24.4475 -24
433300 -24.2518 -24
433400 -24.1187 -24
433500 -23.8442 -24
433600 -23.8271 -24
433700 -24.0216 -24
433800 -24.069 -24
433900 -23.8396 -24
434000 -23.53 -24
434100 -23.4178 -24
434200 -23.325 -24
434300 -22.9084 -24
434400 -22.4802 -24
434500 -22.4468 -24
434600 -22.8398 -24
434700 -22.9784 -24
434800 -23.0677 -24
434900 -23.3798 -24
435000 -23.6533 -24
435100 -23.959 -24
435200 -24.1865 -24
435300 -24.2068 -24
435400 -23.9573 -24
435500 -23.7793 -24
435600 -23.5698 -24
435700 -23.4664 -24
435800 -23.397 -24
435900 -23.7508 -24
436000 -24.0864 -24
436100 -24.0515 -24
436200 -24.1325 -24
436300 -24.3916 -24
436400 -24.8367 -24
436500 -25.0477 -24
436600 -24.8105 -24
436700 -24.6899 -24
436800 -24.4428 -24
436900 -24.0379 -24
437000 -23.8531 -24
437100 -23.9487 -24
437200 -24.0655 -24
437300 -24.1163 -24
437400 -24.1578 -24
437500 -24.0225 -24
437600 -23.8008 -24
437700 -23.8223 -24
437800 -23.8303 -24
437900 -24.0325 -24
438000 -24.4063 -24
438100 -24.5693 -24
438200 -24.5228 -24
438300 -24.3505 -24
438400 -23.9698 -24
438500 -23.8318 -24
438600 -23.748 -24
438700 -23.7387 -24
438800 -23.688 -24
438900 -23.5869 -24
439000 -23.4331 -24
439100 -23.3983 -24
439200 -23.445 -24
439300 -23.6177 -24
439400 -23.9018 -24
439500 -24.2482 -24
439600 -24.9522 -24
439700 -25.7085 -24
439800 -26.0437 -24
439900 -25.9579 -24
440000 -25.6262 -24
440100 -25.2534 -24
440200 -24.6643 -24
440300 -24.0957 -24
440400 -23.7006 -24
440500 -23.5551 -24
440600 -23.8883 -24
440700 -23.92 -24
440800 -23.8387 -24
440900 -23.8708 -24
441000 -23.962 -24
441100 -23.9825 -24
441200 -23.7106 -24
441300 -23.5411 -24
441400 -23.6602 -24
441500 -23.938 -24
441600 -24.0091 -24
441700 -23.8614 -24
441800 -23.8101 -24
441900 -23.6127 -24
442000 -23.0283 -24
442100 -22.8109 -24
442200 -22.9291 -24
442300 -22.9104 -24
442400 -23.0307 -24
442500 -23.1485 -24
442600 -23.4305 -24
442700 -23.7642 -24
442800 -24.0867 -24
442900 -24.129 -24
443000 -24.0134 -24
443100 -24.2276 -24
443200 -24.6345 -24
443300 -24.9095 -24
443400 -24.9666 -24
443500 -24.7149 -24
443600 -24.2765 -24
443700 -23.6585 -24
443800 -23.4279 -24
443900 -23.4969 -24
444000 -23.6601 -24
444100 -23.8453 -24
444200 -24.1244 -24
444300 -24.2827 -24
444400 -24.3819 -24
444500 -24.5035 -24
444600 -24.6346 -24
444700 -24.6411 -24
444800 -24.3828 -24
444900 -24.0989 -24
445000 -23.8434 -24
445100 -23.6661 -24
445200 -23.6323 -24
445300 -23.6258 -24
445400 -23.3959 -24
445500 -22.9772 -24
445600 -22.4113 -24
445700 -22.0446 -24
445800 -22.2047 -24
445900 -22.6988 -24
446000 -23.1523 -24
446100 -23.4079 -24
446200 -23.6608 -24
446300 -23.9975 -24
446400 -24.2885 -24
446500 -24.324 -24
446600 -24.246 -24
446700 -24.0285 -24
446800 -24.0994 -24
446900 -23.8969 -24
447000 -23.6578 -24
447100 -23.6209 -24
447200 -23.3739 -24
447300 -23.2372 -24
447400 -23.3715 -24
447500 -23.9462 -24
447600 -24.2807 -24
447700 -24.1835 -24
447800 -24.1626 -24
447900 -24.0444 -24
448000 -23.6937 -24
448100 -23.48 -24
448200 -23.39 -24
448300 -23.2926 -24
448400 -23.2445 -24
448500 -23.4555 -24
448600 -23.8778 -24
448700 -24.0663 -24
448800 -24.1891 -24
448900 -24.4856 -24
449000 -24.5167 -24
449100 -24.1474 -24
449200 -23.881 -24
449300 -23.9856 -24
449400 -24.3373 -24
449500 -24.6381 -24
449600 -24.9806 -24
449700 -25.1383 -24
449800 -25.06 -24
449900 -24.7869 -24
450000 -24.4634 -24
450100 -24.1625 -24
450200 -23.8696 -24
450300 -23.5154 -24
450400 -23.2602 -24
450500 -23.1675 -24
450600 -23.1444 -24
450700 -23.0403 -24
450800 -22.8089 -24
450900 -23.1499 -24
451000 -23.7274 -24
451100 -24.2189 -24
451200 -24.4336 -24
451300 -24.2062 -24
451400 -23.8935 -24
451500 -23.6239 -24
451600 -23.5438 -24
451700 -23.5696 -24
451800 -23.9176 -24
451900 -24.3467 -24
452000 -24.7636 -24
452100 -24.9909 -24
452200 -24.9206 -24
452300 -24.819 -24
452400 -24.7209 -24
452500 -24.524 -24
452600 -24.3633 -24
452700 -24.463 -24
452800 -24.3944 -24
452900 -24.2293 -24
453000 -23.9518 -24
453100 -23.5455 -24
453200 -23.4983 -24
453300 -23.8847 -24
453400 -24.3011 -24
453500 -24.4221 -24
453600 -24.3326 -24
453700 -24.0991 -24
453800 -23.9972 -24
453900 -24.0615 -24
454000 -23.9642 -24
454100 -24.0209 -24
454200 -24.2051 -24
454300 -24.1986 -24
454400 -23.8738 -24
454500 -23.5685 -24
454600 -23.6064 -24
454700 -23.8773 -24
454800 -24.3351 -24
454900 -24.7119 -24
455000 -24.9952 -24
455100 -25.1201 -24
455200 -25.028 -24
455300 -24.6939 -24
455400 -24.3991 -24
455500 -24.1058 -24
455600 -23.8712 -24
455700 -23.7614 -24
455800 -23.7677 -24
455900 -23.8893 -24
456000 -23.859 -24
456100 -23.7105 -24
456200 -23.5556 -24
456300 -23.3901 -24
456400 -23.2968 -24
456500 -23.3429 -24
456600 -23.9056 -24
456700 -24.41 -24
456800 -24.5047 -24
456900 -24.4138 -24
457000 -24.1419 -24
457100 -23.8894 -24
457200 -23.6517 -24
457300 -23.7401 -24
457400 -23.7696 -24
457500 -23.7635 -24
457600 -24.1228 -24
457700 -24.71 -24
457800 -25.1024 -24
457900 -25.0907 -24
458000 -24.9184 -24
458100 -24.962 -24
458200 -24.8642 -24
458300 -24.7612 -24
458400 -24.8185 -24
458500 -24.814 -24
458600 -24.9077 -24
458700 -24.682 -24
458800 -24.5148 -24
458900 -24.2311 -24
459000 -23.8806 -24
459100 -23.583 -24
459200 -23.4436 -24
459300 -23.5686 -24
459400 -23.7633 -24
459500 -23.8696 -24
459600 -23.8032 -24
459700 -23.8641 -24
459800 -23.9572 -24
459900 -23.9359 -24
460000 -23.9516 -24
460100 -23.9015 -24
460200 -23.5172 -24
460300 -23.3918 -24
460400 -23.5772 -24
460500 -23.9051 -24
460600 -24.3763 -24
460700 -24.6464 -24
460800 -24.8422 -24
460900 -25.3063 -24
461000 -25.5189 -24
461100 -25.0802 -24
461200 -24.2376 -24
461300 -23.5054 -24
461400 -23.0897 -24
461500 -22.8621 -24
461600 -22.7409 -24
461700 -22.552 -24
461800 -22.577 -24
461900 -23.0152 -24
462000 -23.6566 -24
462100 -23.9047 -24
462200 -24.1609 -24
462300 -24.3205 -24
462400 -24.4133 -24
462500 -24.4922 -24
462600 -24.6566 -24
462700 -24.5632 -24
462800 -24.2987 -24
462900 -23.8391 -24
463000 -23.5417 -24
463100 -23.5468 -24
463200 -23.4827 -24
463300 -23.1757 -24
463400 -23.0487 -24
463500 -23.1342 -24
463600 -23.4496 -24
463700 -23.9094 -24
463800 -24.3401 -24
463900 -24.6334 -24
464000 -24.8643 -24
464100 -24.986 -24
464200 -25.1825 -24
464300 -25.2827 -24
464400 -25.0938 -24
464500 -25.0075 -24
464600 -24.8388 -24
464700 -24.6703 -24
464800 -24.5059 -24
464900 -24.3057 -24
465000 -24.0629 -24
465100 -24.0562 -24
465200 -24.1073 -24
465300 -24.381 -24
465400 -24.7172 -24
465500 -24.7856 -24
465600 -24.8 -24
465700 -24.819 -24
465800 -24.7516 -24
465900 -24.5418 -24
466000 -24.2248 -24
466100 -23.8436 -24
466200 -23.6089 -24
466300 -23.5675 -24
466400 -23.8825 -24
466500 -23.945 -24
466600 -24.1148 -24
466700 -24.4811 -24
466800 -24.865 -24
466900 -25.1153 -24
467000 -25.2746 -24
467100 -25.3121 -24
467200 -25.3173 -24
467300 -25.1732 -24
467400 -25.0181 -24
467500 -24.6689 -24
467600 -24.4233 -24
467700 -24.2714 -24
467800 -24.2544 -24
467900 -24.0787 -24
468000 -23.8322 -24
468100 -23.7906 -24
468200 -23.9368 -24
468300 -24.0954 -24
468400 -24.074 -24
468500 -24.3216 -24
468600 -24.6663 -24
468700 -24.7307 -24
468800 -24.5838 -24
468900 -24.1766 -24
469000 -23.7721 -24
469100 -23.4788 -24
469200 -23.4738 -24
469300 -23.3152 -24
469400 -22.8269 -24
469500 -22.4855 -24
469600 -22.5084 -24
469700 -22.5172 -24
469800 -22.7442 -24
469900 -23.0234 -24
470000 -23.2065 -24
470100 -23.6076 -24
470200 -24.0346 -24
470300 -24.1885 -24
470400 -24.1833 -24
470500 -23.835 -24
470600 -23.5469 -24
470700 -23.492 -24
470800 -23.6054 -24
470900 -23.9889 -24
471000 -24.4124 -24
471100 -24.4296 -24
471200 -24.1834 -24
471300 -24.0001 -24
471400 -23.8121 -24
471500 -23.6109 -24
471600 -23.5839 -24
471700 -23.7671 -24
471800 -24.4034 -24
471900 -24.9667 -24
472000 -25.1511 -24
472100 -25.1854 -24
472200 -25.1396 -24
472300 -24.6839 -24
472400 -24.1666 -24
472500 -23.8996 -24
472600 -23.4052 -24
472700 -23.139 -24
472800 -22.8756 -24
472900 -22.8752 -24
473000 -23.1047 -24
473100 -23.3309 -24
473200 -23.3535 -24
473300 -23.1876 -24
473400 -23.2875 -24
473500 -23.5767 -24
473600 -24.0646 -24
473700 -24.5672 -24
473800 -24.6289 -24
473900 -24.6306 -24
474000 -24.7166 -24
474100 -24.6151 -24
474200 -24.382 -24
474300 -23.7592 -24
474400 -23.3976 -24
474500 -23.6779 -24
474600 -24.1938 -24
474700 -24.7296 -24
474800 -24.6875 -24
474900 -24.4809 -24
475000 -24.2141 -24
475100 -23.9824 -24
475200 -23.8154 -24
475300 -23.7674 -24
475400 -23.659 -24
475500 -23.4721 -24
475600 -23.1816 -24
475700 -22.976 -24
475800 -22.9667 -24
475900 -22.8959 -24
476000 -22.8888 -24
476100 -23.2597 -24
476200 -23.6324 -24
476300 -24.2193 -24
476400 -24.7379 -24
476500 -25.0053 -24
476600 -25.1137 -24
476700 -25.0802 -24
476800 -25.1892 -24
476900 -25.2864 -24
477000 -25.3243 -24
477100 -25.0486 -24
477200 -24.1905 -24
477300 -23.14 -24
477400 -22.5082 -24
477500 -22.2826 -24
477600 -22.401 -24
477700 -22.6289 -24
477800 -23.0405 -24
477900 -23.424 -24
478000 -23.6018 -24
478100 -23.8043 -24
478200 -24.0419 -24
478300 -24.4757 -24
478400 -24.7091 -24
478500 -24.7747 -24
478600 -24.8305 -24
478700 -24.8969 -24
478800 -25.1441 -24
478900 -25.5576 -24
479000 -25.6731 -24
479100 -25.4802 -24
479200 -24.8837 -24
479300 -24.2667 -24
479400 -23.9565 -24
479500 -23.753 -24
479600 -23.7725 -24
479700 -24.232 -24
479800 -24.7193 -24
479900 -25.0095 -24
480000 -24.8729 -24
480100 -24.4816 -24
480200 -24.0656 -24
480300 -23.7359 -24
480400 -23.5666 -24
480500 -23.2173 -24
480600 -22.9489 -24
480700 -22.9578 -24
480800 -22.9664 -24
480900 -23.2371 -24
481000 -23.5523 -24
481100 -23.9834 -24
481200 -24.3606 -24
481300 -24.7345 -24
481400 -24.7364 -24
481500 -24.6177 -24
481600 -24.5814 -24
481700 -24.7748 -24
481800 -24.7574 -24
481900 -24.7164 -24
482000 -24.6112 -24
482100 -24.2564 -24
482200 -23.9894 -24
482300 -23.7875 -24
482400 -23.5441 -24
482500 -23.29 -24
482600 -22.9822 -24
482700 -22.784 -24
482800 -22.7797 -24
482900 -22.9666 -24
483000 -23.2501 -24
483100 -23.668 -24
483200 -23.7987 -24
483300 -24.0732 -24
483400 -24.3185 -24
483500 -24.7359 -24
483600 -25.3815 -24
483700 -25.6477 -24
483800 -25.5196 -24
483900 -25.1681 -24
484000 -24.7489 -24
484100 -24.0993 -24
484200 -23.5348 -24
484300 -23.2219 -24
484400 -23.1847 -24
484500 -23.3694 -24
484600 -23.8008 -24
484700 -24.2198 -24
484800 -24.499 -24
484900 -24.506 -24
485000 -23.9781 -24
485100 -23.6029 -24
485200 -23.6988 -24
485300 -23.832 -24
485400 -23.8422 -24
485500 -24.0709 -24
485600 -24.0959 -24
485700 -23.6938 -24
485800 -23.2419 -24
485900 -22.7583 -24
486000 -22.4247 -24
486100 -22.0789 -24
486200 -22.2265 -24
486300 -22.9412 -24
486400 -23.6534 -24
486500 -24.2022 -24
486600 -24.4188 -24
486700 -24.2185 -24
486800 -23.8439 -24
486900 -23.6879 -24
487000 -23.5215 -24
487100 -23.3937 -24
487200 -23.3993 -24
487300 -23.4177 -24
487400 -23.3736 -24
487500 -23.2448 -24
487600 -23.3675 -24
487700 -23.711 -24
487800 -24.1819 -24
487900 -24.5099 -24
488000 -24.7427 -24
488100 -24.8536 -24
488200 -24.853 -24
488300 -24.7459 -24
488400 -24.7401 -24
488500 -24.6239 -24
488600 -24.464 -24
488700 -24.3592 -24
488800 -24.1111 -24
488900 -23.9136 -24
489000 -23.6333 -24
489100 -23.4123 -24
489200 -23.3121 -24
489300 -23.19 -24
489400 -23.1606 -24
489500 -23.3168 -24
489600 -23.4532 -24
489700 -23.5921 -24
489800 -23.7709 -24
489900 -24.046 -24
490000 -24.485 -24
