# Time-averaged data for fix myat1
# TimeStep v_xave v_xdes
2050100 11.2878 8
2050200 10.532 8
2050300 10.0911 8
2050400 10.4423 8
2050500 11.1089 8
2050600 11.8957 8
2050700 12.1904 8
2050800 12.0334 8
2050900 11.2254 8
2051000 10.2575 8
2051100 10.1281 8
2051200 10.6871 8
2051300 11.4162 8
2051400 11.5689 8
2051500 11.3747 8
2051600 11.1981 8
2051700 10.8524 8
2051800 10.5332 8
2051900 10.4774 8
2052000 10.6385 8
2052100 11.21 8
2052200 11.6058 8
2052300 11.6509 8
2052400 11.7196 8
2052500 11.7034 8
2052600 11.5455 8
2052700 11.1156 8
2052800 10.426 8
2052900 10.0649 8
2053000 10.1798 8
2053100 10.8062 8
2053200 11.1256 8
2053300 10.9971 8
2053400 10.7837 8
2053500 10.7704 8
2053600 10.8267 8
2053700 10.6978 8
2053800 10.5803 8
2053900 10.7968 8
2054000 10.6424 8
2054100 10.2559 8
2054200 10.1266 8
2054300 10.4196 8
2054400 10.7745 8
2054500 10.9307 8
2054600 10.8165 8
2054700 10.5084 8
2054800 10.0456 8
2054900 10.1042 8
2055000 10.6245 8
2055100 10.9223 8
2055200 11.1496 8
2055300 11.2408 8
2055400 10.8376 8
2055500 10.3246 8
2055600 9.96555 8
2055700 10.2108 8
2055800 11.0273 8
2055900 11.6232 8
2056000 11.5613 8
2056100 11.1087 8
2056200 10.5317 8
2056300 10.3297 8
2056400 10.6549 8
2056500 10.8029 8
2056600 10.9734 8
2056700 11.1439 8
2056800 11.0606 8
2056900 10.989 8
2057000 10.8979 8
2057100 10.7963 8
2057200 10.7435 8
2057300 10.6731 8
2057400 10.7936 8
2057500 10.8619 8
2057600 10.7327 8
2057700 10.6366 8
2057800 10.8215 8
2057900 10.984 8
2058000 11.1839 8
2058100 11.2674 8
2058200 11.3339 8
2058300 11.213 8
2058400 11.1696 8
2058500 10.9081 8
2058600 10.6434 8
2058700 10.6041 8
2058800 10.5246 8
2058900 10.6441 8
2059000 10.6863 8
2059100 10.5717 8
2059200 10.4643 8
2059300 10.3518 8
2059400 10.3171 8
2059500 10.7578 8
2059600 11.4404 8
2059700 11.5755 8
2059800 11.2709 8
2059900 10.8838 8
2060000 10.65 8
2060100 10.8709 8
2060200 11.1643 8
2060300 10.9968 8
2060400 10.5723 8
2060500 10.2524 8
2060600 10.4368 8
2060700 10.5086 8
2060800 10.6834 8
2060900 11.3281 8
2061000 11.7499 8
2061100 11.8368 8
2061200 11.3018 8
2061300 10.699 8
2061400 10.1147 8
2061500 10.0128 8
2061600 10.4473 8
2061700 11.0055 8
2061800 11.3992 8
2061900 11.6294 8
2062000 11.0811 8
2062100 10.4126 8
2062200 10.2355 8
2062300 10.6688 8
2062400 11.0382 8
2062500 11.1308 8
2062600 10.8026 8
2062700 10.6647 8
2062800 10.6995 8
2062900 10.8138 8
2063000 10.9255 8
2063100 11.0784 8
2063200 11.2111 8
2063300 11.334 8
2063400 11.0964 8
2063500 10.7995 8
2063600 10.6508 8
2063700 10.7505 8
2063800 10.7778 8
2063900 10.8729 8
2064000 10.9351 8
2064100 10.9172 8
2064200 10.941 8
2064300 11.051 8
2064400 11.0939 8
2064500 11.0369 8
2064600 10.9873 8
2064700 10.6831 8
2064800 10.3416 8
2064900 10.2317 8
2065000 10.2844 8
2065100 10.7634 8
2065200 11.3454 8
2065300 11.6138 8
2065400 11.5851 8
2065500 11.1082 8
2065600 10.6089 8
2065700 10.4861 8
2065800 10.7057 8
2065900 11.2332 8
2066000 11.7003 8
2066100 11.8077 8
2066200 11.7316 8
2066300 11.3302 8
2066400 10.8828 8
2066500 10.5615 8
2066600 10.4307 8
2066700 10.5864 8
2066800 10.9388 8
2066900 11.2023 8
2067000 11.3633 8
2067100 11.3527 8
2067200 11.1288 8
2067300 10.5624 8
2067400 10.1827 8
2067500 10.2352 8
2067600 10.6255 8
2067700 11.3032 8
2067800 11.7544 8
2067900 11.7997 8
2068000 11.4805 8
2068100 10.8687 8
2068200 10.2885 8
2068300 10.0692 8
2068400 10.402 8
2068500 10.9697 8
2068600 11.3476 8
2068700 11.1924 8
2068800 10.8924 8
2068900 10.6241 8
2069000 10.436 8
2069100 10.4388 8
2069200 10.7714 8
2069300 11.1035 8
2069400 11.1408 8
2069500 10.8985 8
2069600 10.6286 8
2069700 10.635 8
2069800 10.7551 8
2069900 10.8408 8
2070000 10.8689 8
2070100 11.0285 8
2070200 10.8207 8
2070300 10.6419 8
2070400 10.642 8
2070500 10.8418 8
2070600 10.839 8
2070700 10.7838 8
2070800 10.7492 8
2070900 10.7807 8
2071000 10.851 8
2071100 10.958 8
2071200 11.1029 8
2071300 11.2489 8
2071400 11.2049 8
2071500 11.0734 8
2071600 10.9173 8
2071700 10.9907 8
2071800 11.0536 8
2071900 11.059 8
2072000 11.0097 8
2072100 11.2431 8
2072200 11.3538 8
2072300 11.3145 8
2072400 11.1082 8
2072500 10.7943 8
2072600 10.7798 8
2072700 10.8423 8
2072800 10.6852 8
2072900 10.5709 8
2073000 11.0685 8
2073100 11.8554 8
2073200 12.3337 8
2073300 12.2448 8
2073400 11.5705 8
2073500 10.8601 8
2073600 10.5452 8
2073700 10.5406 8
2073800 11.03 8
2073900 11.2276 8
2074000 11.0286 8
2074100 10.7777 8
2074200 10.6421 8
2074300 10.5136 8
2074400 10.6987 8
2074500 10.7795 8
2074600 10.6436 8
2074700 10.7453 8
2074800 11.0043 8
2074900 10.9243 8
2075000 10.7522 8
2075100 10.8865 8
2075200 11.1079 8
2075300 11.1948 8
2075400 11.0015 8
2075500 11.1694 8
2075600 11.3311 8
2075700 11.2586 8
2075800 11.0086 8
2075900 10.8427 8
2076000 10.7632 8
2076100 10.6288 8
2076200 10.6518 8
2076300 10.7247 8
2076400 10.8724 8
2076500 10.8211 8
2076600 10.5978 8
2076700 10.7122 8
2076800 10.9098 8
2076900 11.0509 8
2077000 10.968 8
2077100 11.0235 8
2077200 10.8128 8
2077300 10.3057 8
2077400 10.2084 8
2077500 10.726 8
2077600 11.2654 8
2077700 11.5487 8
2077800 11.7491 8
2077900 11.5618 8
2078000 11.2948 8
2078100 10.9686 8
2078200 10.6114 8
2078300 10.2636 8
2078400 10.4199 8
2078500 10.8721 8
2078600 11.2267 8
2078700 11.2589 8
2078800 10.9714 8
2078900 10.6127 8
2079000 10.3114 8
2079100 10.4032 8
2079200 10.7701 8
2079300 10.9292 8
2079400 10.8999 8
2079500 10.8068 8
2079600 10.734 8
2079700 10.8978 8
2079800 10.9544 8
2079900 11.1636 8
2080000 11.1561 8
2080100 10.9537 8
2080200 10.8375 8
2080300 10.8889 8
2080400 10.822 8
2080500 10.4947 8
2080600 10.3219 8
2080700 10.8719 8
2080800 11.3086 8
2080900 11.4189 8
2081000 11.2624 8
2081100 11.1341 8
2081200 11.0466 8
2081300 10.8504 8
2081400 10.8852 8
2081500 10.9103 8
2081600 11.0238 8
2081700 10.8786 8
2081800 10.5184 8
2081900 10.6156 8
2082000 10.9115 8
2082100 11.0378 8
2082200 10.9328 8
2082300 10.7561 8
2082400 10.5115 8
2082500 10.7805 8
2082600 11.2798 8
2082700 11.5358 8
2082800 11.3103 8
2082900 10.9828 8
2083000 10.6901 8
2083100 10.5311 8
2083200 10.817 8
2083300 11.1615 8
2083400 11.3272 8
2083500 11.4162 8
2083600 11.547 8
2083700 11.323 8
2083800 10.8812 8
2083900 10.5286 8
2084000 10.2902 8
2084100 10.3483 8
2084200 10.7743 8
2084300 11.2764 8
2084400 11.8194 8
2084500 11.7808 8
2084600 10.9973 8
2084700 10.1118 8
2084800 9.82753 8
2084900 10.1685 8
2085000 10.8007 8
2085100 11.2192 8
2085200 11.1623 8
2085300 10.7969 8
2085400 10.5753 8
2085500 10.9434 8
2085600 11.2748 8
2085700 11.4448 8
2085800 11.3403 8
2085900 11.0282 8
2086000 10.8102 8
2086100 10.7881 8
2086200 10.9404 8
2086300 10.9837 8
2086400 10.7813 8
2086500 10.6651 8
2086600 10.5603 8
2086700 10.6537 8
2086800 10.789 8
2086900 10.8234 8
2087000 10.7428 8
2087100 10.9248 8
2087200 11.2355 8
2087300 11.265 8
2087400 11.0332 8
2087500 11.0768 8
2087600 11.234 8
2087700 11.1886 8
2087800 11.2315 8
2087900 10.8363 8
2088000 10.4379 8
2088100 10.2915 8
2088200 10.3164 8
2088300 10.576 8
2088400 11.0744 8
2088500 11.2438 8
2088600 10.802 8
2088700 10.4974 8
2088800 10.3814 8
2088900 10.2003 8
2089000 10.4515 8
2089100 10.9101 8
2089200 11.1548 8
2089300 11.1486 8
2089400 10.8185 8
2089500 10.7034 8
2089600 10.8134 8
2089700 10.9209 8
2089800 10.7747 8
2089900 10.65 8
2090000 10.7045 8
2090100 10.8776 8
2090200 11.1182 8
2090300 11.364 8
2090400 11.3055 8
2090500 11.0833 8
2090600 10.9557 8
2090700 10.6995 8
2090800 10.4772 8
2090900 10.516 8
2091000 10.9159 8
2091100 11.1735 8
2091200 11.1374 8
2091300 10.9788 8
2091400 10.7819 8
2091500 10.7569 8
2091600 10.9003 8
2091700 11.0072 8
2091800 11.2587 8
2091900 11.2484 8
2092000 10.6975 8
2092100 10.276 8
2092200 10.6216 8
2092300 11.0208 8
2092400 11.0755 8
2092500 10.7068 8
2092600 10.3361 8
2092700 10.04 8
2092800 10.0105 8
2092900 10.3964 8
2093000 10.7398 8
2093100 10.9484 8
2093200 11.0972 8
2093300 11.0886 8
2093400 10.6947 8
2093500 10.2851 8
2093600 10.3431 8
2093700 10.6547 8
2093800 11.1401 8
2093900 11.3814 8
2094000 11.2222 8
2094100 11.14 8
2094200 11.1078 8
2094300 11.1225 8
2094400 10.7633 8
2094500 10.468 8
2094600 10.5519 8
2094700 10.8417 8
2094800 11.0224 8
2094900 11.0668 8
2095000 11.0288 8
2095100 10.8116 8
2095200 10.8027 8
2095300 10.7306 8
2095400 10.7536 8
2095500 10.8819 8
2095600 10.9244 8
2095700 10.5575 8
2095800 10.3097 8
2095900 10.4294 8
2096000 11.0403 8
2096100 11.3535 8
2096200 11.1942 8
2096300 10.945 8
2096400 10.8074 8
2096500 10.7068 8
2096600 10.7992 8
2096700 10.8221 8
2096800 11.0428 8
2096900 11.2897 8
2097000 11.1842 8
2097100 10.8639 8
2097200 10.6377 8
2097300 10.5938 8
2097400 10.9079 8
2097500 11.1922 8
2097600 11.1753 8
2097700 10.9444 8
2097800 10.671 8
2097900 10.7609 8
2098000 10.8478 8
2098100 10.7626 8
2098200 10.6999 8
2098300 10.6691 8
2098400 10.7972 8
2098500 10.7784 8
2098600 10.6085 8
2098700 10.7231 8
2098800 11.0817 8
2098900 11.3377 8
2099000 11.2254 8
2099100 10.8862 8
2099200 10.5559 8
2099300 10.5132 8
2099400 10.6208 8
2099500 10.8739 8
2099600 10.7972 8
2099700 10.5054 8
2099800 10.3397 8
2099900 10.3754 8
2100000 10.7406 8
2100100 11.256 8
2100200 11.5428 8
2100300 11.3699 8
2100400 10.7985 8
2100500 10.5095 8
2100600 10.5314 8
2100700 10.7633 8
2100800 11.1957 8
2100900 11.2594 8
2101000 10.9728 8
2101100 10.8625 8
2101200 11.1093 8
2101300 11.4262 8
2101400 11.2713 8
2101500 11.111 8
2101600 10.932 8
2101700 10.6463 8
2101800 10.6588 8
2101900 10.8867 8
2102000 10.9524 8
2102100 10.9135 8
2102200 10.6526 8
2102300 10.3085 8
2102400 10.1003 8
2102500 10.2571 8
2102600 10.4654 8
2102700 10.9491 8
2102800 11.4233 8
2102900 11.7244 8
2103000 11.6913 8
2103100 11.5376 8
2103200 11.1682 8
2103300 10.7882 8
2103400 10.4192 8
2103500 10.2971 8
2103600 10.4485 8
2103700 10.9234 8
2103800 11.3231 8
2103900 11.4194 8
2104000 11.3328 8
2104100 11.272 8
2104200 11.0402 8
2104300 10.5364 8
2104400 10.217 8
2104500 10.2129 8
2104600 10.6009 8
2104700 11.0065 8
2104800 11.2406 8
2104900 11.327 8
2105000 11.2149 8
2105100 11.0414 8
2105200 10.9465 8
2105300 10.8187 8
2105400 10.5091 8
2105500 10.2479 8
2105600 10.1799 8
2105700 10.502 8
2105800 10.7756 8
2105900 10.7652 8
2106000 10.8451 8
2106100 11.2144 8
2106200 11.3683 8
2106300 11.1143 8
2106400 10.7268 8
2106500 10.5353 8
2106600 10.7324 8
2106700 10.7666 8
2106800 10.6512 8
2106900 10.5468 8
2107000 10.5986 8
2107100 10.9251 8
2107200 11.3144 8
2107300 11.3097 8
2107400 10.8994 8
2107500 10.5746 8
2107600 10.5412 8
2107700 10.8476 8
2107800 11.1921 8
2107900 11.1992 8
2108000 10.7424 8
2108100 10.2269 8
2108200 10.1406 8
2108300 10.5521 8
2108400 11.0181 8
2108500 11.0072 8
2108600 10.8008 8
2108700 10.4624 8
2108800 10.5343 8
2108900 10.8426 8
2109000 11.1203 8
2109100 11.1165 8
2109200 10.8263 8
2109300 10.6261 8
2109400 10.7113 8
2109500 10.9272 8
2109600 10.8496 8
2109700 10.7646 8
2109800 10.7795 8
2109900 11.0568 8
2110000 10.9902 8
2110100 10.9509 8
2110200 10.9119 8
2110300 10.6807 8
2110400 10.7217 8
2110500 11.0264 8
2110600 11.1217 8
2110700 11.1037 8
2110800 11.0841 8
2110900 11.2008 8
2111000 11.1882 8
2111100 10.9114 8
2111200 10.7728 8
2111300 10.6946 8
2111400 10.6816 8
2111500 10.9566 8
2111600 11.3415 8
2111700 11.468 8
2111800 11.3599 8
2111900 11.1597 8
2112000 10.7383 8
2112100 10.423 8
2112200 10.2545 8
2112300 10.2701 8
2112400 10.6101 8
2112500 11.0142 8
2112600 11.1229 8
2112700 11.2388 8
2112800 11.1347 8
2112900 10.8902 8
2113000 10.5976 8
2113100 10.6436 8
2113200 10.9535 8
2113300 11.0456 8
2113400 10.8584 8
2113500 10.718 8
2113600 10.6634 8
2113700 10.7989 8
2113800 10.8688 8
2113900 10.7524 8
2114000 10.3991 8
2114100 10.3715 8
2114200 10.9541 8
2114300 11.3309 8
2114400 11.3956 8
2114500 11.082 8
2114600 10.9356 8
2114700 10.7964 8
2114800 10.5695 8
2114900 10.5809 8
2115000 10.9251 8
2115100 11.4654 8
2115200 11.5413 8
2115300 11.2568 8
2115400 10.7889 8
2115500 10.4328 8
2115600 10.4161 8
2115700 10.7859 8
2115800 10.8894 8
2115900 10.8135 8
2116000 10.6674 8
2116100 10.4652 8
2116200 10.4052 8
2116300 10.6432 8
2116400 10.8727 8
2116500 10.9541 8
2116600 10.6146 8
2116700 10.273 8
2116800 10.1927 8
2116900 10.2451 8
2117000 10.6944 8
2117100 11.2966 8
2117200 11.3889 8
2117300 11.218 8
2117400 11.0837 8
2117500 10.9701 8
2117600 10.6802 8
2117700 10.5049 8
2117800 10.6303 8
2117900 11.0252 8
2118000 11.052 8
2118100 10.7407 8
2118200 10.537 8
2118300 10.6685 8
2118400 11.0649 8
2118500 11.4865 8
2118600 11.3701 8
2118700 11.0989 8
2118800 10.9421 8
2118900 10.6012 8
2119000 10.3503 8
2119100 10.6076 8
2119200 11.0828 8
2119300 11.1988 8
2119400 10.8597 8
2119500 10.6785 8
2119600 10.6278 8
2119700 10.6282 8
2119800 10.6297 8
2119900 10.6663 8
2120000 10.6108 8
2120100 10.5547 8
2120200 10.6136 8
2120300 10.7443 8
2120400 10.7245 8
2120500 10.7144 8
2120600 10.7719 8
2120700 10.9025 8
2120800 10.9626 8
2120900 10.6494 8
2121000 10.4507 8
2121100 10.6892 8
2121200 11.1531 8
2121300 11.4026 8
2121400 11.2114 8
2121500 10.8196 8
2121600 10.6852 8
2121700 10.6831 8
2121800 10.5681 8
2121900 10.3167 8
2122000 10.5486 8
2122100 11.3716 8
2122200 11.8018 8
2122300 11.6886 8
2122400 11.433 8
2122500 11.2535 8
2122600 10.9739 8
2122700 10.8693 8
2122800 10.8392 8
2122900 10.6696 8
2123000 10.3175 8
2123100 10.26 8
2123200 10.4552 8
2123300 10.7761 8
2123400 10.8278 8
2123500 10.692 8
2123600 10.5696 8
2123700 10.8305 8
2123800 11.3119 8
2123900 11.4341 8
2124000 11.0188 8
2124100 10.7043 8
2124200 10.5331 8
2124300 10.6081 8
2124400 10.8495 8
2124500 10.8198 8
2124600 10.6938 8
2124700 10.5156 8
2124800 10.7305 8
2124900 11.0567 8
2125000 11.1719 8
2125100 11.0728 8
2125200 10.6451 8
2125300 10.4424 8
2125400 10.8181 8
2125500 11.4685 8
2125600 11.5839 8
2125700 11.1471 8
2125800 10.5461 8
2125900 10.3301 8
2126000 10.6254 8
2126100 10.9945 8
2126200 11.0652 8
2126300 10.9831 8
2126400 10.7861 8
2126500 10.5997 8
2126600 10.755 8
2126700 10.6207 8
2126800 10.4392 8
2126900 10.3022 8
2127000 10.4518 8
2127100 10.7471 8
2127200 10.9765 8
2127300 11.2765 8
2127400 11.2755 8
2127500 11.3975 8
2127600 11.606 8
2127700 11.6573 8
2127800 11.3849 8
2127900 11.0598 8
2128000 10.6556 8
2128100 10.4113 8
2128200 10.4802 8
2128300 10.593 8
2128400 10.9133 8
2128500 10.9778 8
2128600 10.6247 8
2128700 10.6022 8
2128800 10.9334 8
2128900 11.0696 8
2129000 11.1903 8
2129100 11.0213 8
2129200 10.6916 8
2129300 10.411 8
2129400 10.3544 8
2129500 10.6261 8
2129600 10.9816 8
2129700 11.1108 8
2129800 10.8255 8
2129900 10.7688 8
2130000 10.911 8
2130100 11.0092 8
2130200 10.9962 8
2130300 10.9912 8
2130400 11.1067 8
2130500 10.937 8
2130600 10.4922 8
2130700 10.4371 8
2130800 10.9494 8
2130900 11.4895 8
2131000 11.4527 8
2131100 11.0072 8
2131200 10.6335 8
2131300 10.5107 8
2131400 10.5926 8
2131500 10.6299 8
2131600 10.8927 8
2131700 11.2336 8
2131800 11.1232 8
2131900 11.098 8
2132000 11.0686 8
2132100 11.1253 8
2132200 10.8869 8
2132300 10.6416 8
2132400 10.6852 8
2132500 10.7649 8
2132600 11.0726 8
2132700 11.111 8
2132800 10.9491 8
2132900 10.6311 8
2133000 10.6468 8
2133100 10.6531 8
2133200 10.7083 8
2133300 10.646 8
2133400 10.3943 8
2133500 10.425 8
2133600 10.651 8
2133700 11.065 8
2133800 11.3712 8
2133900 11.3721 8
2134000 10.9505 8
2134100 10.4882 8
2134200 10.5441 8
2134300 10.5601 8
2134400 10.7771 8
2134500 11.0736 8
2134600 11.1397 8
2134700 11.3251 8
2134800 11.3724 8
2134900 11.0474 8
2135000 10.9059 8
2135100 10.7955 8
2135200 10.7476 8
2135300 10.9168 8
2135400 11.0583 8
2135500 11.1115 8
2135600 11.1069 8
2135700 10.9859 8
2135800 11.0084 8
2135900 10.9653 8
2136000 10.8584 8
2136100 10.8245 8
2136200 10.9685 8
2136300 11.1965 8
2136400 11.15 8
2136500 10.7147 8
2136600 10.579 8
2136700 10.899 8
2136800 11.0085 8
2136900 10.7443 8
2137000 10.4489 8
2137100 10.3745 8
2137200 10.545 8
2137300 10.61 8
2137400 10.6132 8
2137500 10.9052 8
2137600 11.1531 8
2137700 11.2837 8
2137800 11.2081 8
2137900 10.7865 8
2138000 10.5134 8
2138100 10.3335 8
2138200 10.2401 8
2138300 10.4161 8
2138400 10.7501 8
2138500 10.8777 8
2138600 10.9882 8
2138700 10.9973 8
2138800 10.8102 8
2138900 10.5591 8
2139000 10.5449 8
2139100 10.5922 8
2139200 10.4285 8
2139300 10.5429 8
2139400 10.8868 8
2139500 11.1254 8
2139600 11.0469 8
2139700 10.9206 8
2139800 10.642 8
2139900 10.6487 8
2140000 11.2069 8
2140100 11.504 8
2140200 11.4559 8
2140300 11.3084 8
2140400 10.8409 8
2140500 10.3263 8
2140600 10.2278 8
2140700 10.3441 8
2140800 10.7281 8
2140900 11.0073 8
2141000 10.989 8
2141100 11.0292 8
2141200 10.9179 8
2141300 10.9711 8
2141400 10.8618 8
2141500 10.6305 8
2141600 10.7464 8
2141700 10.7073 8
2141800 10.67 8
2141900 10.9031 8
2142000 11.0338 8
2142100 11.0757 8
2142200 10.9559 8
2142300 10.7289 8
2142400 10.597 8
2142500 10.5373 8
2142600 10.4395 8
2142700 10.6271 8
2142800 10.8707 8
2142900 10.7657 8
2143000 10.7163 8
2143100 10.6453 8
2143200 10.768 8
2143300 11.0942 8
2143400 11.2403 8
2143500 11.3452 8
2143600 11.2977 8
2143700 10.9519 8
2143800 10.499 8
2143900 10.274 8
2144000 10.5266 8
2144100 10.7373 8
2144200 11.0215 8
2144300 11.2216 8
2144400 11.0757 8
2144500 10.7668 8
2144600 10.5067 8
2144700 10.5137 8
2144800 10.8002 8
2144900 11.0207 8
2145000 11.1353 8
2145100 10.9191 8
2145200 10.6453 8
2145300 10.4964 8
2145400 10.4877 8
2145500 10.8965 8
2145600 11.0914 8
2145700 11.0938 8
2145800 10.819 8
2145900 10.5223 8
2146000 10.4137 8
2146100 10.6968 8
2146200 10.9059 8
2146300 10.8503 8
2146400 10.7611 8
2146500 10.6257 8
2146600 10.6232 8
2146700 10.4997 8
2146800 10.2485 8
2146900 10.4495 8
2147000 10.8185 8
2147100 11.1245 8
2147200 11.1589 8
2147300 11.1723 8
2147400 10.9245 8
2147500 10.8062 8
2147600 10.7074 8
2147700 10.6898 8
2147800 10.7578 8
2147900 10.6238 8
2148000 10.4193 8
2148100 10.6009 8
2148200 10.9058 8
2148300 11.1927 8
2148400 11.3187 8
2148500 11.171 8
2148600 11.0589 8
2148700 10.9106 8
2148800 10.7787 8
2148900 10.5349 8
2149000 10.3069 8
2149100 10.5991 8
2149200 11.1737 8
2149300 11.7349 8
2149400 11.9082 8
2149500 11.6523 8
2149600 11.0016 8
2149700 10.0783 8
2149800 9.77093 8
2149900 10.1163 8
2150000 10.6579 8
2150100 11.1049 8
2150200 11.4293 8
2150300 11.6411 8
2150400 11.7114 8
2150500 11.3633 8
2150600 10.7368 8
2150700 10.4863 8
2150800 10.5463 8
2150900 10.547 8
2151000 10.5805 8
2151100 10.4745 8
2151200 10.5984 8
2151300 10.9953 8
2151400 11.293 8
2151500 11.2751 8
2151600 10.9304 8
2151700 10.8469 8
2151800 10.7375 8
2151900 10.7424 8
2152000 10.8687 8
2152100 11.0614 8
2152200 10.9779 8
2152300 10.7128 8
2152400 10.3546 8
2152500 10.6338 8
2152600 10.9264 8
2152700 11.2046 8
2152800 11.4288 8
2152900 11.1686 8
2153000 10.7709 8
2153100 10.8489 8
2153200 11.0667 8
2153300 10.9195 8
2153400 10.7824 8
2153500 10.8358 8
2153600 10.6141 8
2153700 10.5729 8
2153800 10.7528 8
2153900 10.9754 8
2154000 10.9525 8
2154100 10.5771 8
2154200 10.1481 8
2154300 10.1074 8
2154400 10.7235 8
2154500 11.2331 8
2154600 11.3469 8
2154700 11.113 8
2154800 10.8672 8
2154900 10.7807 8
2155000 10.7353 8
2155100 10.5574 8
2155200 10.3793 8
2155300 10.3301 8
2155400 10.6086 8
2155500 10.884 8
2155600 11.2236 8
2155700 11.2074 8
2155800 11.0992 8
2155900 10.7383 8
2156000 10.3646 8
2156100 10.2558 8
2156200 10.0862 8
2156300 10.3501 8
2156400 10.6961 8
2156500 11.1313 8
2156600 11.3161 8
2156700 11.2256 8
2156800 10.7711 8
2156900 10.2828 8
2157000 10.2729 8
2157100 10.7529 8
2157200 11.3525 8
2157300 11.3806 8
2157400 10.8356 8
2157500 10.4408 8
2157600 10.361 8
2157700 10.8021 8
2157800 11.42 8
2157900 11.4153 8
2158000 10.8181 8
2158100 10.4345 8
2158200 10.4422 8
2158300 10.7722 8
2158400 11.19 8
2158500 11.1847 8
2158600 11.0007 8
2158700 10.7833 8
2158800 10.9604 8
2158900 11.2751 8
2159000 10.9529 8
2159100 10.3 8
2159200 9.98022 8
2159300 10.2838 8
2159400 11.0347 8
2159500 11.7133 8
2159600 11.888 8
2159700 11.5158 8
2159800 10.9745 8
2159900 10.4704 8
2160000 10.4889 8
2160100 11.0802 8
2160200 11.5601 8
2160300 11.4342 8
2160400 10.9746 8
2160500 10.5282 8
2160600 10.2086 8
2160700 10.1338 8
2160800 10.2963 8
2160900 10.7716 8
2161000 10.9442 8
2161100 10.7893 8
2161200 10.7073 8
2161300 10.8585 8
2161400 10.9504 8
2161500 11.0267 8
2161600 11.0051 8
2161700 10.7417 8
2161800 10.4663 8
2161900 10.7623 8
2162000 11.166 8
2162100 11.4097 8
2162200 11.3176 8
2162300 10.8354 8
2162400 10.3513 8
2162500 10.0724 8
2162600 10.0591 8
2162700 10.3408 8
2162800 10.9563 8
2162900 11.5498 8
2163000 11.7968 8
2163100 11.3247 8
2163200 10.7939 8
2163300 10.4634 8
2163400 10.1876 8
2163500 10.2373 8
2163600 10.7296 8
2163700 11.0941 8
2163800 11.1777 8
2163900 11.0028 8
2164000 10.7923 8
2164100 10.7267 8
2164200 10.7113 8
2164300 10.6409 8
2164400 10.7219 8
2164500 10.9263 8
2164600 11.0804 8
2164700 10.985 8
2164800 10.7181 8
2164900 10.422 8
2165000 10.1949 8
2165100 10.4944 8
2165200 10.7991 8
2165300 10.9959 8
2165400 11.0717 8
2165500 10.9957 8
2165600 10.9099 8
2165700 10.7964 8
2165800 10.5024 8
2165900 10.433 8
2166000 10.5373 8
2166100 10.7371 8
2166200 10.7048 8
2166300 10.591 8
2166400 10.587 8
2166500 10.6801 8
2166600 10.7987 8
2166700 11.3723 8
2166800 11.8307 8
2166900 11.5709 8
2167000 11.1757 8
2167100 10.6711 8
2167200 10.4006 8
2167300 10.3396 8
2167400 10.5458 8
2167500 10.9618 8
2167600 11.4225 8
2167700 12.0073 8
2167800 12.1011 8
2167900 11.5573 8
2168000 10.5725 8
2168100 10.1493 8
2168200 10.3284 8
2168300 10.4357 8
2168400 10.468 8
2168500 10.6809 8
2168600 10.8666 8
2168700 11.1222 8
2168800 11.2076 8
2168900 11.0191 8
2169000 10.7205 8
2169100 10.2109 8
2169200 10.1837 8
2169300 10.4268 8
2169400 10.8807 8
2169500 11.2078 8
2169600 11.1535 8
2169700 11.0083 8
2169800 10.8452 8
2169900 10.9971 8
2170000 11.3376 8
2170100 11.6412 8
2170200 11.6121 8
2170300 11.0526 8
2170400 10.3643 8
2170500 10.0961 8
2170600 10.2952 8
2170700 10.8053 8
2170800 11.2622 8
2170900 11.4181 8
2171000 11.2072 8
2171100 10.802 8
2171200 10.4984 8
2171300 10.4368 8
2171400 10.4375 8
2171500 10.4371 8
2171600 10.4793 8
2171700 11.0316 8
2171800 11.5092 8
2171900 11.5075 8
2172000 11.072 8
2172100 10.5711 8
2172200 10.3945 8
2172300 10.454 8
2172400 10.8321 8
2172500 11.3836 8
2172600 11.2241 8
2172700 10.7067 8
2172800 10.2719 8
2172900 10.1274 8
2173000 10.3295 8
2173100 10.7964 8
2173200 11.1856 8
2173300 11.3183 8
2173400 11.236 8
2173500 10.8991 8
2173600 10.7393 8
2173700 10.5806 8
2173800 10.3563 8
2173900 10.2333 8
2174000 10.3994 8
2174100 10.8437 8
2174200 11.2314 8
2174300 11.4719 8
2174400 11.316 8
2174500 10.6836 8
2174600 10.1685 8
2174700 10.1164 8
2174800 10.6159 8
2174900 10.9598 8
2175000 10.9454 8
2175100 10.7567 8
2175200 10.7724 8
2175300 10.9811 8
2175400 11.0698 8
2175500 11.1394 8
2175600 11.2061 8
2175700 11.0429 8
2175800 10.7158 8
2175900 10.8856 8
2176000 11.0206 8
2176100 10.8623 8
2176200 10.813 8
2176300 10.77 8
2176400 10.7143 8
2176500 10.7961 8
2176600 10.6211 8
2176700 10.6862 8
2176800 11.0264 8
2176900 10.9809 8
2177000 10.5945 8
2177100 10.4816 8
2177200 10.7008 8
2177300 10.9662 8
2177400 11.0387 8
2177500 11.0849 8
2177600 10.9313 8
2177700 10.698 8
2177800 10.9591 8
2177900 11.1284 8
2178000 10.861 8
2178100 10.2958 8
2178200 10.2258 8
2178300 10.6471 8
2178400 10.9109 8
2178500 10.9113 8
2178600 10.6375 8
2178700 10.571 8
2178800 10.6369 8
2178900 10.9599 8
2179000 11.1754 8
2179100 11.203 8
2179200 11.0112 8
2179300 10.8956 8
2179400 10.941 8
2179500 11.0452 8
2179600 11.3148 8
2179700 11.1644 8
2179800 10.6953 8
2179900 10.5665 8
2180000 10.812 8
2180100 11.3139 8
2180200 11.2817 8
2180300 10.8653 8
2180400 10.5229 8
2180500 10.6935 8
2180600 11.2359 8
2180700 11.5356 8
2180800 11.4167 8
2180900 10.8799 8
2181000 10.4223 8
2181100 10.3356 8
2181200 10.7169 8
2181300 11.1772 8
2181400 11.3114 8
2181500 11.0192 8
2181600 10.5639 8
2181700 10.5413 8
2181800 10.7595 8
2181900 10.9371 8
2182000 11.1525 8
2182100 11.4256 8
2182200 11.1722 8
2182300 10.9803 8
2182400 10.7388 8
2182500 10.5602 8
2182600 10.5893 8
2182700 10.7768 8
2182800 11.2622 8
2182900 11.6124 8
2183000 11.5626 8
2183100 11.1005 8
2183200 10.5743 8
2183300 10.1935 8
2183400 10.1669 8
2183500 10.5988 8
2183600 11.0223 8
2183700 11.0792 8
2183800 11.0424 8
2183900 10.813 8
2184000 10.646 8
2184100 10.762 8
2184200 10.9823 8
2184300 10.8967 8
2184400 10.6239 8
2184500 10.3961 8
2184600 10.4853 8
2184700 10.5835 8
2184800 10.7288 8
2184900 11.0943 8
2185000 11.4434 8
2185100 11.1962 8
2185200 10.901 8
2185300 10.4889 8
2185400 10.1864 8
2185500 10.3339 8
2185600 10.9091 8
2185700 11.5812 8
2185800 11.921 8
2185900 11.8291 8
2186000 11.4289 8
2186100 10.9238 8
2186200 10.7604 8
2186300 10.8338 8
2186400 10.959 8
2186500 11.2442 8
2186600 11.2021 8
2186700 10.8131 8
2186800 10.4706 8
2186900 10.2233 8
2187000 10.3906 8
2187100 10.8198 8
2187200 11.0048 8
2187300 10.9098 8
2187400 10.5776 8
2187500 10.4853 8
2187600 10.5286 8
2187700 10.8304 8
2187800 10.9646 8
2187900 10.7077 8
2188000 10.3632 8
2188100 10.3157 8
2188200 10.6618 8
2188300 10.9936 8
2188400 10.9861 8
2188500 10.7565 8
2188600 10.6712 8
2188700 10.5553 8
2188800 10.8035 8
2188900 11.0413 8
2189000 10.9296 8
2189100 10.8621 8
2189200 10.9338 8
2189300 10.7976 8
2189400 10.629 8
2189500 10.8636 8
2189600 11.2197 8
2189700 11.5454 8
2189800 11.7492 8
2189900 11.639 8
2190000 11.3805 8
2190100 11.0909 8
2190200 10.8216 8
2190300 10.68 8
2190400 10.6887 8
2190500 10.7248 8
2190600 10.5485 8
2190700 10.185 8
2190800 10.0422 8
2190900 10.3994 8
2191000 10.9675 8
2191100 11.2364 8
2191200 11.007 8
2191300 10.6218 8
2191400 10.6901 8
2191500 10.9047 8
2191600 10.9705 8
2191700 10.9802 8
2191800 10.806 8
2191900 10.6961 8
2192000 10.9989 8
2192100 11.3497 8
2192200 11.3968 8
2192300 11.2882 8
2192400 11.1308 8
2192500 10.7925 8
2192600 10.6033 8
2192700 10.7268 8
2192800 11.2222 8
2192900 11.4392 8
2193000 11.1322 8
2193100 10.6745 8
2193200 10.611 8
2193300 10.6689 8
2193400 10.8765 8
2193500 10.9798 8
2193600 10.9187 8
2193700 10.5768 8
2193800 10.538 8
2193900 10.8623 8
2194000 11.3378 8
2194100 11.3675 8
2194200 11.148 8
2194300 10.9551 8
2194400 10.6606 8
2194500 10.4734 8
2194600 10.7111 8
2194700 10.917 8
2194800 10.9012 8
2194900 10.6991 8
2195000 10.7385 8
2195100 10.7984 8
2195200 10.9347 8
2195300 10.991 8
2195400 10.9195 8
2195500 10.8815 8
2195600 11.1898 8
2195700 11.4235 8
2195800 11.2745 8
2195900 10.9075 8
2196000 10.7756 8
2196100 10.8584 8
2196200 11.2756 8
2196300 11.5057 8
2196400 11.053 8
2196500 10.727 8
2196600 10.7249 8
2196700 10.6392 8
2196800 10.7223 8
2196900 10.8131 8
2197000 10.7965 8
2197100 10.5794 8
2197200 10.5335 8
2197300 10.8532 8
2197400 11.3592 8
2197500 11.7952 8
2197600 11.6241 8
2197700 10.9134 8
2197800 10.1812 8
2197900 9.81094 8
2198000 10.1653 8
2198100 10.8062 8
2198200 11.3524 8
2198300 11.3995 8
2198400 11.1194 8
2198500 10.5074 8
2198600 10.1643 8
2198700 10.3881 8
2198800 10.9396 8
2198900 11.254 8
2199000 11.01 8
2199100 10.5561 8
2199200 10.5103 8
2199300 10.8489 8
2199400 11.0449 8
2199500 10.9639 8
2199600 10.6189 8
2199700 10.4939 8
2199800 10.6415 8
2199900 10.9161 8
2200000 11.31 8
2200100 11.2241 8
2200200 10.7638 8
2200300 10.2614 8
2200400 10.5157 8
2200500 11.001 8
2200600 11.2772 8
2200700 11.3086 8
2200800 10.777 8
2200900 10.0684 8
2201000 9.87922 8
2201100 10.3797 8
2201200 11.0344 8
2201300 11.2367 8
2201400 11.1883 8
2201500 11.0533 8
2201600 10.6047 8
2201700 10.4457 8
2201800 10.5779 8
2201900 10.7174 8
2202000 10.8864 8
2202100 11.1162 8
2202200 11.0176 8
2202300 10.674 8
2202400 10.5631 8
2202500 10.7729 8
2202600 10.8152 8
2202700 10.8921 8
2202800 10.9606 8
2202900 10.8261 8
2203000 10.8156 8
2203100 10.8787 8
2203200 10.7669 8
2203300 10.6206 8
2203400 10.7255 8
2203500 10.7183 8
2203600 10.423 8
2203700 10.339 8
2203800 10.5526 8
2203900 10.512 8
2204000 10.5364 8
2204100 10.6506 8
2204200 10.6914 8
2204300 10.7213 8
2204400 11.0273 8
2204500 11.3317 8
2204600 11.4685 8
2204700 11.182 8
2204800 10.8735 8
2204900 10.8299 8
2205000 10.9593 8
2205100 11.0915 8
2205200 10.8352 8
2205300 10.688 8
2205400 10.5986 8
2205500 10.6842 8
2205600 10.7623 8
2205700 10.7991 8
2205800 11.0176 8
2205900 11.0098 8
2206000 11.047 8
2206100 11.1611 8
2206200 11.177 8
2206300 10.634 8
2206400 10.5619 8
2206500 10.7763 8
2206600 10.8104 8
2206700 10.6911 8
2206800 10.6735 8
2206900 10.9577 8
2207000 11.0469 8
2207100 11.097 8
2207200 11.078 8
2207300 11.0275 8
2207400 10.9262 8
2207500 10.5976 8
2207600 10.6142 8
2207700 10.6618 8
2207800 11.0154 8
2207900 11.3564 8
2208000 11.4184 8
2208100 11.0645 8
2208200 10.5677 8
2208300 10.6911 8
2208400 10.9452 8
2208500 10.924 8
2208600 11.0575 8
2208700 11.3222 8
2208800 11.4521 8
2208900 11.2336 8
2209000 10.7747 8
2209100 10.5962 8
2209200 10.8435 8
2209300 11.0997 8
2209400 11.0174 8
2209500 10.9454 8
2209600 10.8555 8
2209700 10.5523 8
2209800 10.564 8
2209900 10.9135 8
2210000 11.2783 8
2210100 11.2886 8
2210200 10.9128 8
2210300 10.2767 8
2210400 10.2219 8
2210500 10.5768 8
2210600 11.1466 8
2210700 11.4258 8
2210800 11.3889 8
2210900 11.3995 8
2211000 10.9978 8
2211100 10.4766 8
2211200 9.98305 8
2211300 10.1328 8
2211400 10.5299 8
2211500 10.5711 8
2211600 10.7896 8
2211700 11.2383 8
2211800 11.6365 8
2211900 11.7202 8
2212000 11.5867 8
2212100 11.349 8
2212200 10.972 8
2212300 10.7302 8
2212400 10.7079 8
2212500 10.8417 8
2212600 10.989 8
2212700 11.0572 8
2212800 11.0662 8
2212900 11.0196 8
2213000 10.7236 8
2213100 10.5629 8
2213200 10.7304 8
2213300 10.9422 8
2213400 10.9531 8
2213500 10.8331 8
2213600 10.7785 8
2213700 10.6983 8
2213800 10.8205 8
2213900 10.8694 8
2214000 10.913 8
2214100 10.9073 8
2214200 11.0346 8
2214300 10.9821 8
2214400 10.9397 8
2214500 10.7363 8
2214600 10.4203 8
2214700 10.433 8
2214800 10.6172 8
2214900 10.6514 8
2215000 10.8051 8
2215100 10.8526 8
2215200 10.8205 8
2215300 10.732 8
2215400 10.7222 8
2215500 10.9996 8
2215600 11.2846 8
2215700 11.3103 8
2215800 11.061 8
2215900 10.8355 8
2216000 10.6597 8
2216100 10.7361 8
2216200 10.9079 8
2216300 11.3326 8
2216400 11.4528 8
2216500 11.3179 8
2216600 11.0553 8
2216700 10.8195 8
2216800 10.9037 8
2216900 11.0043 8
2217000 11.0421 8
2217100 10.9049 8
2217200 10.5905 8
2217300 10.4145 8
2217400 10.7116 8
2217500 10.8256 8
2217600 10.8073 8
2217700 10.6826 8
2217800 10.4999 8
2217900 10.4628 8
2218000 10.4855 8
2218100 10.625 8
2218200 10.8715 8
2218300 10.8842 8
2218400 10.8088 8
2218500 10.8121 8
2218600 10.7102 8
2218700 10.8471 8
2218800 10.958 8
2218900 10.9294 8
2219000 10.7143 8
2219100 10.6882 8
2219200 10.9232 8
2219300 10.8844 8
2219400 10.809 8
2219500 10.85 8
2219600 10.8516 8
2219700 10.8277 8
2219800 10.8206 8
2219900 10.9502 8
2220000 11.1101 8
2220100 11.058 8
2220200 11.0055 8
2220300 11.1935 8
2220400 11.1082 8
2220500 10.71 8
2220600 10.6698 8
2220700 10.7764 8
2220800 10.6217 8
2220900 10.7584 8
2221000 11.0387 8
2221100 11.0158 8
2221200 10.7955 8
2221300 10.855 8
2221400 10.8036 8
2221500 10.8913 8
2221600 10.9699 8
2221700 10.9508 8
2221800 10.7977 8
2221900 10.6939 8
2222000 10.701 8
2222100 10.5393 8
2222200 10.5489 8
2222300 10.7081 8
2222400 11.0492 8
2222500 11.1939 8
2222600 10.9856 8
2222700 10.6133 8
2222800 10.3064 8
2222900 10.4518 8
2223000 10.8142 8
2223100 10.9265 8
2223200 10.8268 8
2223300 10.7571 8
2223400 10.7019 8
2223500 10.8467 8
2223600 10.7843 8
2223700 10.6918 8
2223800 10.6656 8
2223900 10.7173 8
2224000 10.8492 8
2224100 10.6928 8
2224200 10.6215 8
2224300 10.6749 8
2224400 10.9018 8
2224500 11.1323 8
2224600 11.4311 8
2224700 11.5503 8
2224800 11.3763 8
2224900 11.4258 8
2225000 11.5287 8
2225100 11.3561 8
2225200 10.7898 8
2225300 10.3016 8
2225400 10.2538 8
2225500 10.6679 8
2225600 11.1179 8
2225700 11.1154 8
2225800 11.1811 8
2225900 10.9111 8
2226000 10.687 8
2226100 10.6879 8
2226200 10.78 8
2226300 10.8877 8
2226400 11.088 8
2226500 11.0873 8
2226600 10.8038 8
2226700 10.5276 8
2226800 10.9072 8
2226900 11.4264 8
2227000 11.3783 8
2227100 10.9862 8
2227200 10.7497 8
2227300 10.6934 8
2227400 10.7368 8
2227500 10.8289 8
2227600 10.9973 8
2227700 11.2933 8
2227800 11.3303 8
2227900 10.8979 8
2228000 10.6565 8
2228100 10.9124 8
2228200 11.436 8
2228300 11.7328 8
2228400 11.5411 8
2228500 10.8886 8
2228600 10.4856 8
2228700 10.4471 8
2228800 10.493 8
2228900 10.6275 8
2229000 10.7773 8
2229100 10.7879 8
2229200 10.5382 8
2229300 10.3911 8
2229400 10.6008 8
2229500 10.822 8
2229600 10.7709 8
2229700 10.881 8
2229800 11.2525 8
2229900 11.7055 8
2230000 12.0637 8
2230100 12.0668 8
2230200 11.608 8
2230300 10.9891 8
2230400 10.3786 8
2230500 10.2062 8
2230600 10.4447 8
2230700 10.8798 8
2230800 11.2111 8
2230900 10.9281 8
2231000 10.7716 8
2231100 10.9244 8
2231200 10.9402 8
2231300 10.9573 8
2231400 10.9743 8
2231500 10.9772 8
2231600 10.8884 8
2231700 10.5522 8
2231800 10.3779 8
2231900 10.4593 8
2232000 10.7819 8
2232100 10.7913 8
2232200 10.4673 8
2232300 10.461 8
2232400 10.7707 8
2232500 10.7974 8
2232600 10.6354 8
2232700 10.6294 8
2232800 10.8013 8
2232900 10.6563 8
2233000 10.2719 8
2233100 10.105 8
2233200 10.368 8
2233300 10.8221 8
2233400 11.3537 8
2233500 11.7406 8
2233600 11.7452 8
2233700 11.5482 8
2233800 11.0347 8
2233900 10.9044 8
2234000 11.0518 8
2234100 10.99 8
2234200 11.0977 8
2234300 11.142 8
2234400 11.0739 8
2234500 11.1154 8
2234600 11.1154 8
2234700 10.9123 8
2234800 10.5293 8
2234900 10.2052 8
2235000 10.2706 8
2235100 10.7184 8
2235200 10.8593 8
2235300 10.7957 8
2235400 10.584 8
2235500 10.4522 8
2235600 10.3483 8
2235700 10.7296 8
2235800 11.1388 8
2235900 11.2147 8
2236000 11.0627 8
2236100 10.7913 8
2236200 10.5066 8
2236300 10.5427 8
2236400 10.5935 8
2236500 10.4365 8
2236600 10.3609 8
2236700 10.619 8
2236800 10.9414 8
2236900 11.2407 8
2237000 11.5601 8
2237100 11.4483 8
2237200 10.9887 8
2237300 10.1439 8
2237400 9.71052 8
2237500 9.68473 8
2237600 9.99026 8
2237700 10.7577 8
2237800 11.4938 8
2237900 11.6951 8
2238000 11.3767 8
2238100 10.7962 8
2238200 10.3205 8
2238300 10.2126 8
2238400 10.4276 8
2238500 10.62 8
2238600 10.8265 8
2238700 10.8606 8
2238800 10.4465 8
2238900 10.2863 8
2239000 10.6582 8
2239100 11.2299 8
2239200 11.5805 8
2239300 11.7339 8
2239400 11.7033 8
2239500 11.3732 8
2239600 10.7957 8
2239700 10.1378 8
2239800 10.0471 8
2239900 10.5389 8
2240000 11.0298 8
2240100 11.2857 8
2240200 11.201 8
2240300 11.1909 8
2240400 11.0398 8
2240500 10.6467 8
2240600 10.318 8
2240700 10.3082 8
2240800 10.6055 8
2240900 10.7645 8
2241000 10.7813 8
2241100 10.7044 8
2241200 10.5878 8
2241300 10.5045 8
2241400 10.8465 8
2241500 11.3276 8
2241600 11.598 8
2241700 11.5224 8
2241800 11.1945 8
2241900 10.75 8
2242000 10.6507 8
2242100 10.9882 8
2242200 11.147 8
2242300 11.0902 8
2242400 10.9682 8
2242500 10.9316 8
2242600 11.2029 8
2242700 11.4145 8
2242800 11.3306 8
2242900 11.2716 8
2243000 11.1624 8
2243100 10.8146 8
2243200 10.3565 8
2243300 10.3017 8
2243400 10.6648 8
2243500 11.0587 8
2243600 11.208 8
2243700 11.2564 8
2243800 11.0698 8
2243900 10.6746 8
2244000 10.6076 8
2244100 10.9008 8
2244200 11.3189 8
2244300 11.4708 8
2244400 11.1713 8
2244500 10.5037 8
2244600 10.0011 8
2244700 10.0948 8
2244800 10.5907 8
2244900 10.9992 8
2245000 11.5602 8
2245100 11.8412 8
2245200 11.4466 8
2245300 10.8134 8
2245400 10.4384 8
2245500 10.5201 8
2245600 10.6938 8
2245700 10.6852 8
2245800 10.397 8
2245900 10.3516 8
2246000 10.8557 8
2246100 11.3452 8
2246200 11.2666 8
2246300 10.8266 8
2246400 10.6398 8
2246500 10.7729 8
2246600 11.077 8
2246700 11.046 8
2246800 10.7368 8
2246900 10.5001 8
2247000 10.5927 8
2247100 10.709 8
2247200 11.0537 8
2247300 11.435 8
2247400 11.3914 8
2247500 11.2033 8
2247600 10.8279 8
2247700 10.4688 8
2247800 10.2815 8
2247900 10.4202 8
2248000 10.637 8
2248100 10.7437 8
2248200 10.6563 8
2248300 10.6479 8
2248400 10.8027 8
2248500 10.7927 8
2248600 10.5015 8
2248700 10.316 8
2248800 10.187 8
2248900 10.1149 8
2249000 10.47 8
2249100 10.847 8
2249200 10.876 8
2249300 10.7539 8
2249400 10.9019 8
2249500 11.1141 8
2249600 10.9713 8
2249700 10.8545 8
2249800 10.9319 8
2249900 11.0959 8
2250000 11.3517 8
