# Time-averaged data for fix myat1
# TimeStep v_xave v_xdes
2930100 23.755 24
2930200 23.1361 24
2930300 22.6386 24
2930400 22.3844 24
2930500 22.5494 24
2930600 23.0919 24
2930700 23.7469 24
2930800 24.1731 24
2930900 24.5718 24
2931000 24.6219 24
2931100 24.7758 24
2931200 25.0256 24
2931300 25.1982 24
2931400 25.4181 24
2931500 25.6892 24
2931600 25.5621 24
2931700 25.2781 24
2931800 25.0843 24
2931900 24.9001 24
2932000 24.6848 24
2932100 24.499 24
2932200 24.0604 24
2932300 23.5183 24
2932400 23.4079 24
2932500 23.3074 24
2932600 22.8709 24
2932700 22.821 24
2932800 22.943 24
2932900 23.1371 24
2933000 23.3913 24
2933100 23.5288 24
2933200 23.5227 24
2933300 23.3866 24
2933400 23.2286 24
2933500 23.3802 24
2933600 23.5038 24
2933700 23.5877 24
2933800 23.6134 24
2933900 23.6668 24
2934000 23.7868 24
2934100 23.7912 24
2934200 23.7594 24
2934300 24.0108 24
2934400 24.1894 24
2934500 23.9896 24
2934600 23.7344 24
2934700 23.627 24
2934800 23.5128 24
2934900 23.4694 24
2935000 23.5202 24
2935100 23.5556 24
2935200 23.7084 24
2935300 23.8026 24
2935400 24.0371 24
2935500 24.4478 24
2935600 24.9755 24
2935700 25.4549 24
2935800 25.4795 24
2935900 25.3294 24
2936000 25.0528 24
2936100 24.4989 24
2936200 23.7449 24
2936300 23.0051 24
2936400 22.6499 24
2936500 22.9877 24
2936600 23.7025 24
2936700 24.5743 24
2936800 25.2201 24
2936900 25.637 24
2937000 25.8865 24
2937100 25.9735 24
2937200 25.8581 24
2937300 25.8037 24
2937400 25.6987 24
2937500 25.3533 24
2937600 25.0199 24
2937700 24.6686 24
2937800 24.2468 24
2937900 23.8388 24
2938000 23.8515 24
2938100 24.179 24
2938200 24.5092 24
2938300 24.6084 24
2938400 24.4801 24
2938500 24.4255 24
2938600 24.3968 24
2938700 24.4902 24
2938800 24.4124 24
2938900 24.1677 24
2939000 23.7648 24
2939100 23.5258 24
2939200 23.1668 24
2939300 23.2333 24
2939400 23.5113 24
2939500 23.633 24
2939600 23.7497 24
2939700 23.88 24
2939800 24.0294 24
2939900 24.0465 24
2940000 24.0697 24
2940100 23.9282 24
2940200 23.443 24
2940300 23.0231 24
2940400 22.947 24
2940500 23.08 24
2940600 23.1926 24
2940700 23.3202 24
2940800 23.5719 24
2940900 23.8984 24
2941000 23.8941 24
2941100 23.8219 24
2941200 23.7607 24
2941300 23.7453 24
2941400 23.8817 24
2941500 23.8806 24
2941600 23.7326 24
2941700 23.5163 24
2941800 23.5071 24
2941900 23.9567 24
2942000 24.5709 24
2942100 24.9502 24
2942200 24.9759 24
2942300 24.7228 24
2942400 24.3221 24
2942500 23.8436 24
2942600 23.4434 24
2942700 22.9497 24
2942800 22.7316 24
2942900 22.9393 24
2943000 23.1555 24
2943100 23.3518 24
2943200 23.5459 24
2943300 23.7085 24
2943400 24.1921 24
2943500 24.6879 24
2943600 24.9525 24
2943700 25.0028 24
2943800 25.0816 24
2943900 25.1221 24
2944000 25.2012 24
2944100 25.3983 24
2944200 25.5442 24
2944300 25.4867 24
2944400 25.1927 24
2944500 24.777 24
2944600 24.5502 24
2944700 24.3607 24
2944800 24.3151 24
2944900 24.5118 24
2945000 24.6352 24
2945100 24.6949 24
2945200 24.6621 24
2945300 24.7047 24
2945400 24.6707 24
2945500 24.4198 24
2945600 24.2092 24
2945700 24.0446 24
2945800 23.8505 24
2945900 23.5253 24
2946000 23.2845 24
2946100 23.4072 24
2946200 23.8779 24
2946300 24.2818 24
2946400 24.3632 24
2946500 24.0692 24
2946600 23.7377 24
2946700 23.2382 24
2946800 23.1247 24
2946900 23.2071 24
2947000 23.4564 24
2947100 23.8133 24
2947200 23.9722 24
2947300 24.2413 24
2947400 24.3524 24
2947500 24.3401 24
2947600 24.3577 24
2947700 24.2976 24
2947800 24.1851 24
2947900 23.8159 24
2948000 23.3076 24
2948100 22.902 24
2948200 23.0707 24
2948300 23.5523 24
2948400 24.0509 24
2948500 24.5501 24
2948600 24.8627 24
2948700 24.86 24
2948800 24.7493 24
2948900 24.2251 24
2949000 23.626 24
2949100 23.0647 24
2949200 22.6918 24
2949300 22.8228 24
2949400 23.1986 24
2949500 23.7282 24
2949600 23.9623 24
2949700 24.0228 24
2949800 23.9317 24
2949900 23.8559 24
2950000 23.7255 24
2950100 23.637 24
2950200 23.5928 24
2950300 23.4776 24
2950400 23.5385 24
2950500 23.6797 24
2950600 23.9025 24
2950700 24.3125 24
2950800 24.7889 24
2950900 25.0915 24
2951000 24.9312 24
2951100 24.6925 24
2951200 24.6868 24
2951300 24.3372 24
2951400 23.8391 24
2951500 23.2837 24
2951600 23.2397 24
2951700 23.3517 24
2951800 23.6889 24
2951900 23.8119 24
2952000 23.7655 24
2952100 23.9056 24
2952200 23.9457 24
2952300 24.225 24
2952400 24.562 24
2952500 24.686 24
2952600 24.6662 24
2952700 24.4912 24
2952800 24.0873 24
2952900 23.9864 24
2953000 24.048 24
2953100 24.1719 24
2953200 24.3845 24
2953300 24.6363 24
2953400 24.7123 24
2953500 24.6909 24
2953600 24.4343 24
2953700 24.1503 24
2953800 23.9595 24
2953900 23.6849 24
2954000 23.4772 24
2954100 23.3538 24
2954200 23.4212 24
2954300 23.4475 24
2954400 23.058 24
2954500 22.7799 24
2954600 22.7725 24
2954700 23.0424 24
2954800 23.5274 24
2954900 24.1394 24
2955000 24.8454 24
2955100 25.2582 24
2955200 25.1567 24
2955300 25.126 24
2955400 25.1327 24
2955500 25.0014 24
2955600 24.6441 24
2955700 24.122 24
2955800 23.7362 24
2955900 23.7612 24
2956000 24.0401 24
2956100 24.3212 24
2956200 24.4807 24
2956300 24.5182 24
2956400 24.6855 24
2956500 24.8893 24
2956600 24.9413 24
2956700 24.7457 24
2956800 24.5629 24
2956900 24.4495 24
2957000 24.5303 24
2957100 24.5358 24
2957200 24.4498 24
2957300 24.2881 24
2957400 23.9226 24
2957500 23.8803 24
2957600 24.0698 24
2957700 24.2655 24
2957800 24.3903 24
2957900 24.4178 24
2958000 24.206 24
2958100 24.0384 24
2958200 24.0371 24
2958300 23.9551 24
2958400 23.8284 24
2958500 23.8326 24
2958600 23.7022 24
2958700 23.6741 24
2958800 23.8582 24
2958900 23.944 24
2959000 24.0023 24
2959100 23.9709 24
2959200 23.9956 24
2959300 24.0943 24
2959400 24.2907 24
2959500 24.5736 24
2959600 25.0824 24
2959700 25.3153 24
2959800 25.2447 24
2959900 24.9418 24
2960000 24.6116 24
2960100 24.0608 24
2960200 23.6447 24
2960300 23.3355 24
2960400 23.1937 24
2960500 23.4121 24
2960600 23.8544 24
2960700 24.2957 24
2960800 24.5887 24
2960900 24.7461 24
2961000 24.7536 24
2961100 24.1301 24
2961200 23.6386 24
2961300 23.5353 24
2961400 23.9492 24
2961500 24.2792 24
2961600 23.827 24
2961700 23.2583 24
2961800 23.028 24
2961900 22.9258 24
2962000 22.9585 24
2962100 23.1762 24
2962200 23.5705 24
2962300 23.7797 24
2962400 24.0156 24
2962500 24.0538 24
2962600 23.8895 24
2962700 24.0887 24
2962800 24.5724 24
2962900 24.7202 24
2963000 24.5425 24
2963100 24.2064 24
2963200 23.8543 24
2963300 23.6233 24
2963400 23.4567 24
2963500 23.052 24
2963600 22.809 24
2963700 22.7969 24
2963800 22.8365 24
2963900 23.0472 24
2964000 23.4205 24
2964100 24.086 24
2964200 24.8433 24
2964300 24.8693 24
2964400 24.7391 24
2964500 24.7449 24
2964600 24.8267 24
2964700 24.8845 24
2964800 24.8201 24
2964900 24.5379 24
2965000 24.2265 24
2965100 23.9901 24
2965200 24.1247 24
2965300 24.2753 24
2965400 24.4065 24
2965500 24.5047 24
2965600 24.3813 24
2965700 24.3811 24
2965800 24.4515 24
2965900 24.5525 24
2966000 24.4706 24
2966100 24.0565 24
2966200 24.0683 24
2966300 23.8068 24
2966400 23.4087 24
2966500 23.1429 24
2966600 23.2526 24
2966700 23.5554 24
2966800 23.7645 24
2966900 23.8827 24
2967000 24.2602 24
2967100 24.6933 24
2967200 25.0966 24
2967300 25.1777 24
2967400 25.0916 24
2967500 24.7262 24
2967600 24.1632 24
2967700 23.9547 24
2967800 24.1391 24
2967900 24.5247 24
2968000 24.8255 24
2968100 25.1224 24
2968200 25.0198 24
2968300 24.8606 24
2968400 24.9233 24
2968500 24.9051 24
2968600 24.5687 24
2968700 24.2116 24
2968800 23.8679 24
2968900 23.5668 24
2969000 23.5091 24
2969100 23.7033 24
2969200 24.0529 24
2969300 24.3552 24
2969400 24.6474 24
2969500 24.6501 24
2969600 24.2628 24
2969700 23.6198 24
2969800 23.3486 24
2969900 23.3181 24
2970000 23.3231 24
2970100 23.4986 24
2970200 23.7455 24
2970300 23.9882 24
2970400 24.2969 24
2970500 24.548 24
2970600 24.6493 24
2970700 24.5726 24
2970800 24.4442 24
2970900 24.5334 24
2971000 24.7219 24
2971100 24.8112 24
2971200 24.7845 24
2971300 24.5764 24
2971400 24.5534 24
2971500 24.6993 24
2971600 24.5677 24
2971700 24.2775 24
2971800 23.9341 24
2971900 23.6285 24
2972000 23.4068 24
2972100 23.3951 24
2972200 23.4562 24
2972300 23.3541 24
2972400 23.4249 24
2972500 24.0213 24
2972600 24.5325 24
2972700 24.6531 24
2972800 24.6322 24
2972900 24.5187 24
2973000 24.4832 24
2973100 24.4142 24
2973200 24.4646 24
2973300 24.5815 24
2973400 24.7389 24
2973500 24.6198 24
2973600 24.5508 24
2973700 24.3833 24
2973800 24.4098 24
2973900 24.5249 24
2974000 24.3988 24
2974100 24.1401 24
2974200 24.0869 24
2974300 24.222 24
2974400 24.5464 24
2974500 24.7228 24
2974600 24.9281 24
2974700 25.2791 24
2974800 25.4098 24
2974900 25.0952 24
2975000 24.7834 24
2975100 24.5686 24
2975200 24.3637 24
2975300 24.4291 24
2975400 24.4492 24
2975500 24.4586 24
2975600 24.656 24
2975700 24.6816 24
2975800 24.696 24
2975900 24.9506 24
2976000 24.7488 24
2976100 24.3829 24
2976200 24.3657 24
2976300 24.5142 24
2976400 24.5343 24
2976500 24.4701 24
2976600 24.4047 24
2976700 24.5734 24
2976800 24.7055 24
2976900 24.6491 24
2977000 24.1394 24
2977100 23.8683 24
2977200 23.4949 24
2977300 23.1665 24
2977400 22.8734 24
2977500 22.7829 24
2977600 22.8819 24
2977700 23.2584 24
2977800 23.7051 24
2977900 24.2417 24
2978000 24.44 24
2978100 24.5384 24
2978200 24.386 24
2978300 24.1517 24
2978400 23.9099 24
2978500 23.8281 24
2978600 23.5247 24
2978700 23.4914 24
2978800 23.7636 24
2978900 23.992 24
2979000 23.9688 24
2979100 23.6074 24
2979200 23.2554 24
2979300 23.3982 24
2979400 24.0886 24
2979500 24.5973 24
2979600 24.5088 24
2979700 24.1716 24
2979800 24.0577 24
2979900 24.1508 24
2980000 24.2145 24
2980100 24.4208 24
2980200 24.4756 24
2980300 24.4048 24
2980400 24.0431 24
2980500 23.7801 24
2980600 23.6446 24
2980700 23.8329 24
2980800 24.1414 24
2980900 24.108 24
2981000 24.297 24
2981100 24.526 24
2981200 24.4109 24
2981300 24.123 24
2981400 23.9903 24
2981500 23.7479 24
2981600 23.5277 24
2981700 23.5701 24
2981800 23.6708 24
2981900 23.7884 24
2982000 23.9138 24
2982100 23.975 24
2982200 23.9208 24
2982300 24.1277 24
2982400 24.2769 24
2982500 24.237 24
2982600 23.8723 24
2982700 23.6084 24
2982800 23.6343 24
2982900 23.767 24
2983000 23.9913 24
2983100 24.1009 24
2983200 24.2514 24
2983300 24.3423 24
2983400 24.299 24
2983500 24.0889 24
2983600 24.0013 24
2983700 24.0475 24
2983800 24.207 24
2983900 24.34 24
2984000 24.0757 24
2984100 23.7705 24
2984200 23.2988 24
2984300 23.0387 24
2984400 23.0501 24
2984500 23.2844 24
2984600 23.4802 24
2984700 23.8182 24
2984800 24.0745 24
2984900 24.0568 24
2985000 23.9733 24
2985100 23.5822 24
2985200 23.2373 24
2985300 22.8479 24
2985400 22.5182 24
2985500 22.2028 24
2985600 22.0522 24
2985700 21.5575 24
2985800 21.7753 24
2985900 22.5279 24
2986000 23.6542 24
2986100 24.6129 24
2986200 24.9654 24
2986300 25.1303 24
2986400 25.0517 24
2986500 24.9705 24
2986600 24.5782 24
2986700 24.274 24
2986800 24.3477 24
2986900 24.531 24
2987000 24.3 24
2987100 23.7464 24
2987200 23.2139 24
2987300 22.8245 24
2987400 22.6032 24
2987500 22.6143 24
2987600 22.6022 24
2987700 22.7896 24
2987800 23.4211 24
2987900 24.0781 24
2988000 24.5126 24
2988100 24.6286 24
2988200 24.9442 24
2988300 25.168 24
2988400 25.1813 24
2988500 25.0867 24
2988600 24.8237 24
2988700 24.7638 24
2988800 24.7185 24
2988900 24.7433 24
2989000 24.891 24
2989100 25.0906 24
2989200 25.0471 24
2989300 24.7774 24
2989400 24.3258 24
2989500 24.0274 24
2989600 24.1593 24
2989700 24.4193 24
2989800 24.4612 24
2989900 24.3807 24
2990000 24.6055 24
2990100 24.7112 24
2990200 24.7032 24
2990300 24.6928 24
2990400 24.607 24
2990500 24.4736 24
2990600 24.1929 24
2990700 23.7861 24
2990800 23.603 24
2990900 23.6391 24
2991000 23.7121 24
2991100 24.122 24
2991200 24.6425 24
2991300 24.9657 24
2991400 25.1464 24
2991500 24.7834 24
2991600 24.1761 24
2991700 23.4093 24
2991800 22.8895 24
2991900 22.9079 24
2992000 23.1876 24
2992100 23.7398 24
2992200 23.8662 24
2992300 23.831 24
2992400 24.0938 24
2992500 24.3349 24
2992600 24.3742 24
2992700 24.4293 24
2992800 24.4865 24
2992900 24.4023 24
2993000 24.2676 24
2993100 24.1489 24
2993200 24.1155 24
2993300 24.2121 24
2993400 24.4211 24
2993500 25.0992 24
2993600 25.5138 24
2993700 25.311 24
2993800 24.8978 24
2993900 24.4491 24
2994000 23.9945 24
2994100 23.5093 24
2994200 22.9565 24
2994300 22.9816 24
2994400 23.1822 24
2994500 23.378 24
2994600 23.8278 24
2994700 24.5269 24
2994800 25.0175 24
2994900 25.3415 24
2995000 25.2136 24
2995100 24.8911 24
2995200 24.351 24
2995300 23.9065 24
2995400 23.781 24
2995500 23.6393 24
2995600 23.4316 24
2995700 23.524 24
2995800 23.6183 24
2995900 23.8417 24
2996000 24.2646 24
2996100 24.3513 24
2996200 24.1125 24
2996300 23.6005 24
2996400 23.3935 24
2996500 23.4242 24
2996600 23.7396 24
2996700 24.0323 24
2996800 24.4934 24
2996900 24.8419 24
2997000 24.7741 24
2997100 24.4454 24
2997200 24.0701 24
2997300 23.7106 24
2997400 23.3526 24
2997500 23.1402 24
2997600 23.0375 24
2997700 23.2124 24
2997800 23.4427 24
2997900 23.5674 24
2998000 23.7825 24
2998100 24.0677 24
2998200 24.284 24
2998300 24.6574 24
2998400 24.8754 24
2998500 24.9084 24
2998600 24.9262 24
2998700 24.994 24
2998800 25.072 24
2998900 24.7638 24
2999000 24.0683 24
2999100 23.633 24
2999200 23.6751 24
2999300 23.5991 24
2999400 23.6509 24
2999500 23.9097 24
2999600 24.2075 24
2999700 24.496 24
2999800 24.4973 24
2999900 24.394 24
3000000 24.0664 24
3000100 23.578 24
3000200 23.3375 24
3000300 23.2635 24
3000400 23.0491 24
3000500 22.9268 24
3000600 22.8245 24
3000700 23.0024 24
3000800 23.5168 24
3000900 24.3385 24
3001000 24.9956 24
3001100 25.1554 24
3001200 24.9458 24
3001300 24.7859 24
3001400 24.5591 24
3001500 24.3644 24
3001600 24.0695 24
3001700 23.6415 24
3001800 23.3068 24
3001900 23.1508 24
3002000 23.1308 24
3002100 23.1356 24
3002200 23.083 24
3002300 23.1076 24
3002400 23.1826 24
3002500 23.2237 24
3002600 23.3268 24
3002700 23.4784 24
3002800 23.7794 24
3002900 24.1394 24
3003000 24.7731 24
3003100 24.845 24
3003200 24.3775 24
3003300 23.9298 24
3003400 23.8113 24
3003500 23.8578 24
3003600 23.7223 24
3003700 23.5119 24
3003800 23.5114 24
3003900 23.4426 24
3004000 23.5091 24
3004100 23.6867 24
3004200 24.0618 24
3004300 24.251 24
3004400 24.1323 24
3004500 23.8 24
3004600 23.2496 24
3004700 22.8179 24
3004800 22.6881 24
3004900 22.5193 24
3005000 22.7261 24
3005100 22.8989 24
3005200 22.8993 24
3005300 22.911 24
3005400 23.0765 24
3005500 23.2398 24
3005600 23.4912 24
3005700 23.8852 24
3005800 23.9411 24
3005900 23.6683 24
3006000 23.5505 24
3006100 23.6215 24
3006200 23.4664 24
3006300 23.0019 24
3006400 22.4619 24
3006500 22.0178 24
3006600 21.9443 24
3006700 22.4741 24
3006800 22.9392 24
3006900 22.9529 24
3007000 22.7963 24
3007100 22.6862 24
3007200 22.6521 24
3007300 22.8821 24
3007400 23.4025 24
3007500 23.8263 24
3007600 24.0625 24
3007700 23.9415 24
3007800 23.9156 24
3007900 23.9755 24
3008000 24.3333 24
3008100 24.7422 24
3008200 24.9374 24
3008300 25.0701 24
3008400 24.7566 24
3008500 24.6266 24
3008600 24.3847 24
3008700 24.1148 24
3008800 23.8343 24
3008900 23.6892 24
3009000 23.8578 24
3009100 23.9506 24
3009200 23.8553 24
3009300 23.81 24
3009400 24.1306 24
3009500 24.2077 24
3009600 23.9872 24
3009700 23.9752 24
3009800 23.8418 24
3009900 23.857 24
3010000 24.018 24
3010100 24.164 24
3010200 24.0785 24
3010300 23.9856 24
3010400 23.8656 24
3010500 23.6471 24
3010600 23.6156 24
3010700 23.6601 24
3010800 23.7802 24
3010900 24.0693 24
3011000 24.0255 24
3011100 23.7081 24
3011200 23.427 24
3011300 23.4027 24
3011400 23.3591 24
3011500 23.2761 24
3011600 23.3455 24
3011700 23.703 24
3011800 24.0048 24
3011900 24.26 24
3012000 24.3087 24
3012100 24.2288 24
3012200 23.73 24
3012300 22.9987 24
3012400 22.494 24
3012500 22.233 24
3012600 22.2987 24
3012700 22.3692 24
3012800 22.621 24
3012900 22.9702 24
3013000 23.45 24
3013100 23.8572 24
3013200 23.923 24
3013300 23.6686 24
3013400 23.6447 24
3013500 23.8946 24
3013600 23.9802 24
3013700 24.2236 24
3013800 24.3793 24
3013900 24.3905 24
3014000 24.3352 24
3014100 24.5083 24
3014200 24.6696 24
3014300 24.632 24
3014400 24.5397 24
3014500 24.2263 24
3014600 23.9089 24
3014700 23.5694 24
3014800 23.2789 24
3014900 23.2222 24
3015000 23.1066 24
3015100 23.2035 24
3015200 23.4683 24
3015300 23.8043 24
3015400 23.976 24
3015500 24.0607 24
3015600 23.8616 24
3015700 23.6862 24
3015800 23.5921 24
3015900 23.7283 24
3016000 23.9249 24
3016100 24.1823 24
3016200 24.4331 24
3016300 24.7674 24
3016400 25.0024 24
3016500 25.0012 24
3016600 24.7822 24
3016700 24.5416 24
3016800 24.1293 24
3016900 23.6775 24
3017000 23.571 24
3017100 23.7956 24
3017200 24.1081 24
3017300 24.2852 24
3017400 24.1986 24
3017500 23.9453 24
3017600 23.6611 24
3017700 23.8087 24
3017800 23.8557 24
3017900 23.8432 24
3018000 23.9466 24
3018100 24.0842 24
3018200 24.2101 24
3018300 24.2378 24
3018400 24.4145 24
3018500 24.6063 24
3018600 24.77 24
3018700 24.8582 24
3018800 24.7603 24
3018900 24.486 24
3019000 24.0687 24
3019100 23.6943 24
3019200 23.2443 24
3019300 22.9818 24
3019400 23.0876 24
3019500 23.2026 24
3019600 23.4228 24
3019700 23.66 24
3019800 23.8006 24
3019900 24.1265 24
3020000 24.6481 24
3020100 25.1249 24
3020200 25.2706 24
3020300 25.2597 24
3020400 25.4133 24
3020500 25.6416 24
3020600 25.8254 24
3020700 25.772 24
3020800 25.4174 24
3020900 24.9634 24
3021000 24.4126 24
3021100 23.9703 24
3021200 23.5637 24
3021300 23.2686 24
3021400 22.9814 24
3021500 22.7066 24
3021600 22.7627 24
3021700 22.9609 24
3021800 22.9814 24
3021900 22.8855 24
3022000 22.8711 24
3022100 22.8748 24
3022200 22.7339 24
3022300 22.8631 24
3022400 23.1378 24
3022500 23.3905 24
3022600 23.7768 24
3022700 23.9497 24
3022800 23.9941 24
3022900 24.3046 24
3023000 24.5861 24
3023100 24.6404 24
3023200 24.6668 24
3023300 24.2545 24
3023400 23.8258 24
3023500 23.3905 24
3023600 23.0717 24
3023700 22.742 24
3023800 22.4547 24
3023900 22.3235 24
3024000 22.3195 24
3024100 22.4222 24
3024200 22.6225 24
3024300 22.8485 24
3024400 23.2065 24
3024500 23.5881 24
3024600 24.1304 24
3024700 24.5955 24
3024800 24.871 24
3024900 25.0665 24
3025000 25.1192 24
3025100 25.1719 24
3025200 25.0056 24
3025300 24.5465 24
3025400 24.2514 24
3025500 24.3523 24
3025600 24.4687 24
3025700 24.2592 24
3025800 24.0836 24
3025900 23.9396 24
3026000 23.8577 24
3026100 23.964 24
3026200 24.2555 24
3026300 24.5191 24
3026400 24.7993 24
3026500 24.8881 24
3026600 24.7883 24
3026700 24.5833 24
3026800 24.3638 24
3026900 24.4157 24
3027000 24.4523 24
3027100 24.2983 24
3027200 24.1216 24
3027300 23.8992 24
3027400 23.765 24
3027500 23.663 24
3027600 23.5539 24
3027700 23.6884 24
3027800 23.9151 24
3027900 24.1888 24
3028000 24.4888 24
3028100 24.5368 24
3028200 24.3798 24
3028300 24.303 24
3028400 24.1507 24
3028500 24.0723 24
3028600 23.954 24
3028700 23.7384 24
3028800 23.7436 24
3028900 23.8855 24
3029000 24.0755 24
3029100 24.3847 24
3029200 24.8617 24
3029300 25.1862 24
3029400 25.227 24
3029500 25.0023 24
3029600 24.5369 24
3029700 23.8062 24
3029800 23.2795 24
3029900 22.8588 24
3030000 22.8442 24
3030100 23.1979 24
3030200 23.4862 24
3030300 23.4166 24
3030400 23.2587 24
3030500 23.0127 24
3030600 23.1784 24
3030700 23.557 24
3030800 23.9326 24
3030900 24.2905 24
3031000 24.4208 24
3031100 24.399 24
3031200 24.5861 24
3031300 24.6617 24
3031400 24.6938 24
3031500 24.8187 24
3031600 24.8734 24
3031700 24.6571 24
3031800 24.4699 24
3031900 24.1296 24
3032000 23.8874 24
3032100 24.024 24
3032200 24.2585 24
3032300 24.4125 24
3032400 24.3946 24
3032500 24.3859 24
3032600 24.387 24
3032700 24.2848 24
3032800 24.3426 24
3032900 23.9613 24
3033000 23.485 24
3033100 23.337 24
3033200 23.4011 24
3033300 23.4423 24
3033400 23.6768 24
3033500 23.9454 24
3033600 23.9377 24
3033700 23.9496 24
3033800 24.0461 24
3033900 24.1542 24
3034000 23.9834 24
3034100 23.8774 24
3034200 23.6458 24
3034300 23.3283 24
3034400 23.1739 24
3034500 23.0412 24
3034600 22.9713 24
3034700 23.1048 24
3034800 23.6666 24
3034900 23.9626 24
3035000 24.0946 24
3035100 23.9962 24
3035200 23.8699 24
3035300 23.7488 24
3035400 23.6695 24
3035500 23.9005 24
3035600 23.9691 24
3035700 23.9204 24
3035800 24.183 24
3035900 24.5679 24
3036000 24.6942 24
3036100 24.4883 24
3036200 24.4079 24
3036300 24.6161 24
3036400 24.8317 24
3036500 25.1484 24
3036600 25.3034 24
3036700 25.2204 24
3036800 24.8317 24
3036900 24.4596 24
3037000 24.2792 24
3037100 24.336 24
3037200 24.3975 24
3037300 24.465 24
3037400 24.5786 24
3037500 24.6326 24
3037600 24.4971 24
3037700 24.1115 24
3037800 23.9416 24
3037900 24.0095 24
3038000 24.2295 24
3038100 24.1218 24
3038200 23.9654 24
3038300 23.6851 24
3038400 23.3565 24
3038500 23.4634 24
3038600 23.7085 24
3038700 23.979 24
3038800 24.2293 24
3038900 24.3043 24
3039000 24.1957 24
3039100 24.0265 24
3039200 23.9963 24
3039300 23.8958 24
3039400 23.8426 24
3039500 23.9029 24
3039600 23.8365 24
3039700 23.7211 24
3039800 23.6013 24
3039900 23.405 24
3040000 23.3931 24
3040100 23.4993 24
3040200 23.6762 24
3040300 23.8213 24
3040400 23.9579 24
3040500 24.3581 24
3040600 24.489 24
3040700 24.5537 24
3040800 24.6269 24
3040900 24.4093 24
3041000 23.9584 24
3041100 23.4027 24
3041200 22.9887 24
3041300 22.6331 24
3041400 22.243 24
3041500 22.2235 24
3041600 22.5134 24
3041700 23.272 24
3041800 23.8876 24
3041900 24.4468 24
3042000 25.0202 24
3042100 25.1951 24
3042200 24.8707 24
3042300 24.4618 24
3042400 24.1819 24
3042500 24.0349 24
3042600 23.8931 24
3042700 23.8274 24
3042800 23.7601 24
3042900 23.9742 24
3043000 24.3948 24
3043100 24.7915 24
3043200 24.8295 24
3043300 24.829 24
3043400 24.7356 24
3043500 24.2071 24
3043600 23.4387 24
3043700 22.8353 24
3043800 22.616 24
3043900 22.6432 24
3044000 22.8618 24
3044100 23.2357 24
3044200 23.7703 24
3044300 24.447 24
3044400 25.0368 24
3044500 25.5762 24
3044600 25.8729 24
3044700 25.8361 24
3044800 25.463 24
3044900 24.9504 24
3045000 24.4381 24
3045100 24.1002 24
3045200 23.8379 24
3045300 23.9408 24
3045400 24.3195 24
3045500 24.5284 24
3045600 24.5084 24
3045700 24.6899 24
3045800 24.7624 24
3045900 24.6878 24
3046000 24.3085 24
3046100 23.9989 24
3046200 23.8808 24
3046300 23.6703 24
3046400 23.3126 24
3046500 23.3122 24
3046600 23.2979 24
3046700 23.2729 24
3046800 23.3827 24
3046900 23.5133 24
3047000 23.7122 24
3047100 23.8479 24
3047200 23.9907 24
3047300 23.9927 24
3047400 23.9681 24
3047500 23.9899 24
3047600 23.803 24
3047700 23.9706 24
3047800 24.6339 24
3047900 25.2553 24
3048000 25.5915 24
3048100 25.4429 24
3048200 25.039 24
3048300 24.5498 24
3048400 24.1576 24
3048500 23.7716 24
3048600 23.196 24
3048700 22.7376 24
3048800 22.4333 24
3048900 22.5165 24
3049000 22.9514 24
3049100 23.5556 24
3049200 24.1921 24
3049300 24.4095 24
3049400 24.4803 24
3049500 24.3015 24
3049600 24.1634 24
3049700 24.0748 24
3049800 23.9586 24
3049900 23.7495 24
3050000 23.4379 24
3050100 23.405 24
3050200 23.6114 24
3050300 23.7143 24
3050400 23.7678 24
3050500 23.5631 24
3050600 23.3778 24
3050700 23.0796 24
3050800 22.8447 24
3050900 23.0113 24
3051000 23.6121 24
3051100 24.0643 24
3051200 24.3935 24
3051300 24.7076 24
3051400 24.8827 24
3051500 25.1823 24
3051600 25.237 24
3051700 24.8552 24
3051800 24.1612 24
3051900 23.6082 24
3052000 23.4506 24
3052100 23.5185 24
3052200 23.6776 24
3052300 23.7758 24
3052400 23.9112 24
3052500 24.0989 24
3052600 24.0407 24
3052700 24.0453 24
3052800 24.2221 24
3052900 24.326 24
3053000 24.2611 24
3053100 24.2827 24
3053200 24.1788 24
3053300 23.8387 24
3053400 23.4896 24
3053500 23.3282 24
3053600 23.2428 24
3053700 23.4441 24
3053800 23.6329 24
3053900 23.9446 24
3054000 23.9901 24
3054100 23.7047 24
3054200 23.4017 24
3054300 23.1478 24
3054400 23.0201 24
3054500 22.956 24
3054600 23.0076 24
3054700 23.3302 24
3054800 23.6783 24
3054900 23.5378 24
3055000 23.4367 24
3055100 23.2114 24
3055200 22.7827 24
3055300 22.6977 24
3055400 22.8891 24
3055500 23.2485 24
3055600 23.4747 24
3055700 23.8869 24
3055800 24.368 24
3055900 24.5257 24
3056000 24.2468 24
3056100 23.7091 24
3056200 23.2659 24
3056300 23.1169 24
3056400 23.1905 24
3056500 23.4006 24
3056600 23.576 24
3056700 23.8862 24
3056800 23.918 24
3056900 24.0044 24
3057000 24.0744 24
3057100 24.2267 24
3057200 24.2595 24
3057300 24.0331 24
3057400 23.7726 24
3057500 23.6082 24
3057600 23.5304 24
3057700 23.5605 24
3057800 23.3069 24
3057900 23.0257 24
3058000 23.1948 24
3058100 23.1033 24
3058200 22.9997 24
3058300 22.9399 24
3058400 22.9323 24
3058500 23.0347 24
3058600 23.2128 24
3058700 23.6617 24
3058800 24.167 24
3058900 24.2629 24
3059000 24.1153 24
3059100 23.8882 24
3059200 23.7555 24
3059300 23.5095 24
3059400 23.6256 24
3059500 24.2198 24
3059600 24.9173 24
3059700 25.2417 24
3059800 25.3268 24
3059900 25.4023 24
3060000 24.9795 24
3060100 24.3184 24
3060200 23.5088 24
3060300 23.1702 24
3060400 23.0218 24
3060500 22.8698 24
3060600 22.8828 24
3060700 23.1113 24
3060800 23.3067 24
3060900 23.4943 24
3061000 23.3342 24
3061100 23.2972 24
3061200 23.6789 24
3061300 24.221 24
3061400 24.3378 24
3061500 24.0322 24
3061600 23.506 24
3061700 23.1062 24
3061800 22.7876 24
3061900 22.9306 24
3062000 23.0872 24
3062100 23.0145 24
3062200 23.022 24
3062300 23.2429 24
3062400 23.6005 24
3062500 23.7855 24
3062600 23.7288 24
3062700 23.7915 24
3062800 23.836 24
3062900 23.9357 24
3063000 24.1871 24
3063100 24.2852 24
3063200 24.2251 24
3063300 23.9479 24
3063400 23.4654 24
3063500 23.09 24
3063600 23.0096 24
3063700 23.1996 24
3063800 23.9644 24
3063900 24.8428 24
3064000 25.4105 24
3064100 25.4166 24
3064200 25.2826 24
3064300 25.224 24
3064400 25.0976 24
3064500 24.6363 24
3064600 24.2106 24
3064700 24.0051 24
3064800 23.7827 24
3064900 23.6201 24
3065000 23.2666 24
3065100 23.0499 24
3065200 23.2552 24
3065300 23.568 24
3065400 23.5716 24
3065500 23.2742 24
3065600 23.0686 24
3065700 23.1298 24
3065800 23.5598 24
3065900 24.117 24
3066000 24.5055 24
3066100 24.5976 24
3066200 24.5791 24
3066300 24.3767 24
3066400 24.1238 24
3066500 23.9752 24
3066600 23.9509 24
3066700 24.1528 24
3066800 24.4356 24
3066900 24.5424 24
3067000 24.0647 24
3067100 23.5115 24
3067200 23.017 24
3067300 22.8281 24
3067400 22.9377 24
3067500 23.338 24
3067600 23.9591 24
3067700 24.6058 24
3067800 25.0651 24
3067900 25.3452 24
3068000 25.264 24
3068100 25.098 24
3068200 24.9359 24
3068300 24.7859 24
3068400 24.7416 24
3068500 24.5098 24
3068600 24.2016 24
3068700 24.0046 24
3068800 23.9563 24
3068900 24.1086 24
3069000 23.9319 24
3069100 23.58 24
3069200 23.6437 24
3069300 24.0498 24
3069400 24.5225 24
3069500 24.5729 24
3069600 24.3507 24
3069700 23.9393 24
3069800 23.5725 24
3069900 23.3469 24
3070000 23.5017 24
3070100 24.0828 24
3070200 24.6248 24
3070300 25.0306 24
3070400 25.1037 24
3070500 25.1205 24
3070600 25.2303 24
3070700 25.3671 24
3070800 25.3756 24
3070900 25.0592 24
3071000 24.498 24
3071100 23.8662 24
3071200 23.3707 24
3071300 23.0973 24
3071400 23.022 24
3071500 23.1307 24
3071600 23.4342 24
3071700 23.4563 24
3071800 22.9966 24
3071900 22.5822 24
3072000 22.7093 24
3072100 23.005 24
3072200 23.4682 24
3072300 23.4909 24
3072400 23.2311 24
3072500 22.9983 24
3072600 22.8522 24
3072700 22.8026 24
3072800 22.961 24
3072900 22.9723 24
3073000 23.1076 24
3073100 23.6924 24
3073200 24.3057 24
3073300 24.5596 24
3073400 24.951 24
3073500 25.2366 24
3073600 25.3258 24
3073700 25.7063 24
3073800 25.7736 24
3073900 25.5807 24
3074000 25.2191 24
3074100 24.8223 24
3074200 24.6611 24
3074300 24.6113 24
3074400 24.4536 24
3074500 24.3776 24
3074600 24.3132 24
3074700 24.2119 24
3074800 24.113 24
3074900 23.8132 24
3075000 23.3857 24
3075100 23.2192 24
3075200 23.1275 24
3075300 23.4148 24
3075400 23.8735 24
3075500 24.2784 24
3075600 24.6202 24
3075700 24.9037 24
3075800 25.1486 24
3075900 25.3363 24
3076000 25.2973 24
3076100 25.0897 24
3076200 24.8081 24
3076300 24.5358 24
3076400 24.3907 24
3076500 24.366 24
3076600 24.1492 24
3076700 24.0602 24
3076800 24.1084 24
3076900 23.9233 24
3077000 23.7138 24
3077100 23.4368 24
3077200 23.2482 24
3077300 23.1669 24
3077400 23.3701 24
3077500 23.6457 24
3077600 23.6672 24
3077700 23.7882 24
3077800 23.9961 24
3077900 24.0387 24
3078000 23.9389 24
3078100 23.8169 24
3078200 23.9408 24
3078300 23.8343 24
3078400 23.839 24
3078500 24.0872 24
3078600 24.1902 24
3078700 24.0181 24
3078800 23.9543 24
3078900 24.0374 24
3079000 23.944 24
3079100 24.0508 24
3079200 24.0347 24
3079300 23.946 24
3079400 23.747 24
3079500 23.2611 24
3079600 22.8744 24
3079700 22.9484 24
3079800 23.0149 24
3079900 22.9913 24
3080000 23.1569 24
3080100 23.5043 24
3080200 23.7171 24
3080300 23.8832 24
3080400 23.917 24
3080500 24.1404 24
3080600 24.5047 24
3080700 24.6577 24
3080800 24.8047 24
3080900 24.9396 24
3081000 24.9127 24
3081100 24.8628 24
3081200 24.805 24
3081300 24.5879 24
3081400 24.237 24
3081500 23.9376 24
3081600 23.7527 24
3081700 23.5025 24
3081800 22.8456 24
3081900 22.6432 24
3082000 22.7713 24
3082100 22.9347 24
3082200 23.2892 24
3082300 23.501 24
3082400 24.0027 24
3082500 24.2861 24
3082600 24.3325 24
3082700 24.0937 24
3082800 24.0514 24
3082900 24.1289 24
3083000 23.9673 24
3083100 23.6406 24
3083200 23.2744 24
3083300 22.7365 24
3083400 22.2569 24
3083500 22.1079 24
3083600 22.394 24
3083700 22.7431 24
3083800 23.1349 24
3083900 23.3335 24
3084000 23.7029 24
3084100 23.7551 24
3084200 23.6827 24
3084300 23.8489 24
3084400 24.1259 24
3084500 24.1115 24
3084600 23.8493 24
3084700 23.604 24
3084800 23.5353 24
3084900 23.7181 24
3085000 23.8588 24
3085100 23.8515 24
3085200 23.7364 24
3085300 23.5935 24
3085400 23.5256 24
3085500 23.6049 24
3085600 23.9864 24
3085700 24.5358 24
3085800 24.5603 24
3085900 24.4164 24
3086000 24.3216 24
3086100 24.3551 24
3086200 24.3285 24
3086300 24.2428 24
3086400 24.0591 24
3086500 23.9701 24
3086600 23.7015 24
3086700 23.6206 24
3086800 23.8436 24
3086900 24.2184 24
3087000 24.6313 24
3087100 24.9334 24
3087200 24.8247 24
3087300 24.3688 24
3087400 24.0546 24
3087500 23.9432 24
3087600 23.9185 24
3087700 23.9643 24
3087800 23.8133 24
3087900 23.6066 24
3088000 23.4643 24
3088100 23.6633 24
3088200 23.9989 24
3088300 24.063 24
3088400 24.2847 24
3088500 24.4736 24
3088600 24.5723 24
3088700 24.5287 24
3088800 24.4979 24
3088900 24.4766 24
3089000 24.419 24
3089100 24.2544 24
3089200 24.0507 24
3089300 23.7943 24
3089400 23.7594 24
3089500 23.8114 24
3089600 23.745 24
3089700 23.6286 24
3089800 23.7563 24
3089900 24.0081 24
3090000 24.3015 24
3090100 24.4398 24
3090200 24.4206 24
3090300 24.4094 24
3090400 24.3851 24
3090500 24.3436 24
3090600 24.3516 24
3090700 24.2879 24
3090800 24.0356 24
3090900 23.696 24
3091000 23.5271 24
3091100 23.4896 24
3091200 23.5995 24
3091300 23.7988 24
3091400 23.7983 24
3091500 23.6517 24
3091600 23.3137 24
3091700 23.375 24
3091800 23.7019 24
3091900 23.7368 24
3092000 23.6669 24
3092100 23.9515 24
3092200 24.2236 24
3092300 24.6897 24
3092400 25.1104 24
3092500 25.0925 24
3092600 24.8603 24
3092700 24.7784 24
3092800 24.7507 24
3092900 24.7755 24
3093000 24.8054 24
3093100 24.7132 24
3093200 24.3954 24
3093300 24.2296 24
3093400 24.0762 24
3093500 23.6864 24
3093600 23.3479 24
3093700 23.1254 24
3093800 22.9527 24
3093900 23.03 24
3094000 23.0721 24
3094100 23.1229 24
3094200 23.2907 24
3094300 23.5421 24
3094400 23.9452 24
3094500 24.1915 24
3094600 23.9454 24
3094700 23.3829 24
3094800 22.8546 24
3094900 22.363 24
3095000 22.3102 24
3095100 22.4663 24
3095200 22.7039 24
3095300 23.1729 24
3095400 23.6462 24
3095500 24.0325 24
3095600 24.3198 24
3095700 24.2602 24
3095800 24.0194 24
3095900 23.8068 24
3096000 23.7331 24
3096100 23.753 24
3096200 23.5295 24
3096300 23.2013 24
3096400 22.8814 24
3096500 22.8621 24
3096600 22.9672 24
3096700 22.8909 24
3096800 23.0755 24
3096900 23.2692 24
3097000 23.4266 24
3097100 23.6089 24
3097200 23.6545 24
3097300 23.4429 24
3097400 23.1733 24
3097500 22.9501 24
3097600 23.0454 24
3097700 23.2634 24
3097800 23.7756 24
3097900 24.2779 24
3098000 24.6105 24
3098100 24.8908 24
3098200 25.1778 24
3098300 25.1958 24
3098400 24.9873 24
3098500 24.7665 24
3098600 24.6703 24
3098700 24.532 24
3098800 24.1746 24
3098900 23.7136 24
3099000 23.1808 24
3099100 23.1219 24
3099200 23.2871 24
3099300 23.553 24
3099400 23.7079 24
3099500 23.6973 24
3099600 23.6284 24
3099700 23.777 24
3099800 23.7174 24
3099900 23.3365 24
3100000 23.0451 24
3100100 23.3359 24
3100200 23.7754 24
3100300 23.941 24
3100400 23.8476 24
3100500 23.7982 24
3100600 24.0439 24
3100700 24.3889 24
3100800 24.5463 24
3100900 24.5142 24
3101000 24.6153 24
3101100 24.6576 24
3101200 24.5598 24
3101300 24.3846 24
3101400 24.1206 24
3101500 23.916 24
3101600 23.6549 24
3101700 23.7315 24
3101800 23.9805 24
3101900 24.0346 24
3102000 24.2581 24
3102100 24.5734 24
3102200 24.7988 24
3102300 25.1214 24
3102400 25.6181 24
3102500 25.6468 24
3102600 25.4561 24
3102700 25.0415 24
3102800 24.4607 24
3102900 23.8276 24
3103000 23.3407 24
3103100 23.3083 24
3103200 23.391 24
3103300 23.5047 24
3103400 23.6839 24
3103500 23.763 24
3103600 23.9165 24
3103700 23.9376 24
3103800 24.2178 24
3103900 24.6356 24
3104000 24.5481 24
3104100 24.1896 24
3104200 24.0138 24
3104300 23.9407 24
3104400 23.8788 24
3104500 24.1856 24
3104600 24.6285 24
3104700 25.0049 24
3104800 25.1175 24
3104900 24.8467 24
3105000 24.6172 24
3105100 24.3638 24
3105200 24.1359 24
3105300 23.7253 24
3105400 23.2747 24
3105500 22.8438 24
3105600 22.8092 24
3105700 22.8757 24
3105800 23.0384 24
3105900 23.1819 24
3106000 23.2911 24
3106100 23.5741 24
3106200 23.7883 24
3106300 23.7631 24
3106400 23.7687 24
3106500 23.8946 24
3106600 24.0661 24
3106700 24.0863 24
3106800 24.1151 24
3106900 24.1005 24
3107000 24.2302 24
3107100 24.4306 24
3107200 24.6906 24
3107300 24.9405 24
3107400 24.9488 24
3107500 24.9599 24
3107600 25.1878 24
3107700 25.3913 24
3107800 25.1917 24
3107900 24.6492 24
3108000 23.7825 24
3108100 22.9063 24
3108200 22.4069 24
3108300 22.5073 24
3108400 22.892 24
3108500 23.3111 24
3108600 23.7105 24
3108700 23.7486 24
3108800 23.6292 24
3108900 23.5321 24
3109000 23.1289 24
3109100 22.8415 24
3109200 22.6502 24
3109300 22.6056 24
3109400 22.7204 24
3109500 23.0572 24
3109600 23.5032 24
3109700 24.1155 24
3109800 24.7798 24
3109900 25.0155 24
3110000 25.0012 24
3110100 24.7501 24
3110200 24.3761 24
3110300 23.9796 24
3110400 23.9227 24
3110500 24.066 24
3110600 24.435 24
3110700 24.6812 24
3110800 24.4809 24
3110900 24.3681 24
3111000 24.2709 24
3111100 23.9031 24
3111200 23.6438 24
3111300 23.5727 24
3111400 23.585 24
3111500 23.7149 24
3111600 23.806 24
3111700 23.8153 24
3111800 23.9981 24
3111900 24.2409 24
3112000 24.5312 24
3112100 24.7085 24
3112200 24.6462 24
3112300 24.4731 24
3112400 24.2377 24
3112500 24.0057 24
3112600 23.7523 24
3112700 23.5833 24
3112800 23.4871 24
3112900 23.475 24
3113000 23.3134 24
3113100 23.3489 24
3113200 23.4536 24
3113300 23.5095 24
3113400 23.543 24
3113500 23.4847 24
3113600 23.7415 24
3113700 24.1242 24
3113800 24.208 24
3113900 24.0522 24
3114000 23.6149 24
3114100 23.3057 24
3114200 23.2316 24
3114300 23.4919 24
3114400 23.7274 24
3114500 23.3985 24
3114600 23.0152 24
3114700 22.9994 24
3114800 23.386 24
3114900 23.6851 24
3115000 23.9911 24
3115100 24.0007 24
3115200 23.8476 24
3115300 23.7258 24
3115400 23.7495 24
3115500 23.8212 24
3115600 23.8588 24
3115700 23.9096 24
3115800 23.9605 24
3115900 24.1822 24
3116000 24.4501 24
3116100 24.5341 24
3116200 24.4283 24
3116300 24.3057 24
3116400 24.2359 24
3116500 24.0926 24
3116600 23.8977 24
3116700 23.6971 24
3116800 23.4247 24
3116900 23.1006 24
3117000 22.9842 24
3117100 23.2585 24
3117200 23.5823 24
3117300 23.6832 24
3117400 23.8199 24
3117500 23.8425 24
3117600 23.7547 24
3117700 23.7625 24
3117800 23.948 24
3117900 24.3312 24
3118000 24.4506 24
3118100 24.3745 24
3118200 24.2296 24
3118300 23.9825 24
3118400 23.9814 24
3118500 24.137 24
3118600 24.4412 24
3118700 24.5712 24
3118800 24.4549 24
3118900 24.2123 24
3119000 23.9953 24
3119100 23.8262 24
3119200 23.5582 24
3119300 23.5242 24
3119400 23.6324 24
3119500 23.8557 24
3119600 24.2306 24
3119700 24.5397 24
3119800 24.6707 24
3119900 24.6461 24
3120000 24.3581 24
3120100 24.0078 24
3120200 23.8772 24
3120300 24.0958 24
3120400 24.3068 24
3120500 24.4817 24
3120600 24.6183 24
3120700 24.8279 24
3120800 24.8961 24
3120900 24.7005 24
3121000 24.3 24
3121100 23.9723 24
3121200 23.45 24
3121300 23.1062 24
3121400 23.0626 24
3121500 23.2613 24
3121600 23.4867 24
3121700 23.7503 24
3121800 23.838 24
3121900 23.7567 24
3122000 23.979 24
3122100 24.1562 24
3122200 24.076 24
3122300 24.0057 24
3122400 23.8485 24
3122500 23.7865 24
3122600 23.9385 24
3122700 24.3076 24
3122800 24.456 24
3122900 24.397 24
3123000 24.2612 24
3123100 23.9861 24
3123200 23.4925 24
3123300 23.1722 24
3123400 23.0241 24
3123500 23.0813 24
3123600 23.1984 24
3123700 23.2523 24
3123800 23.2264 24
3123900 23.2104 24
3124000 23.3605 24
3124100 23.5142 24
3124200 23.6382 24
3124300 23.8527 24
3124400 23.9974 24
3124500 24.2277 24
3124600 24.4122 24
3124700 24.3095 24
3124800 24.1332 24
3124900 23.8278 24
3125000 23.7246 24
3125100 23.9013 24
3125200 23.9011 24
3125300 23.7126 24
3125400 23.6311 24
3125500 23.3093 24
3125600 22.9633 24
3125700 22.8718 24
3125800 22.5484 24
3125900 22.1955 24
3126000 22.1316 24
3126100 22.136 24
3126200 22.3228 24
3126300 22.8594 24
3126400 23.7217 24
3126500 24.3709 24
3126600 24.505 24
3126700 24.3957 24
3126800 24.3629 24
3126900 24.6632 24
3127000 24.9072 24
3127100 24.9963 24
3127200 25.0714 24
3127300 24.9223 24
3127400 24.7065 24
3127500 24.4387 24
3127600 24.3151 24
3127700 24.2814 24
3127800 24.3983 24
3127900 24.5203 24
3128000 24.5371 24
3128100 24.5564 24
3128200 24.5147 24
3128300 24.2333 24
3128400 23.8556 24
3128500 23.7064 24
3128600 23.6989 24
3128700 23.7687 24
3128800 23.8212 24
3128900 23.7348 24
3129000 23.5655 24
3129100 23.6322 24
3129200 23.8992 24
3129300 24.0983 24
3129400 24.0956 24
3129500 23.952 24
3129600 24.0096 24
3129700 23.9474 24
3129800 23.6449 24
3129900 23.3112 24
3130000 23.0515 24
