# Time-averaged data for fix myat1
# TimeStep v_xave v_xdes
1170100 -10.3858 -8
1170200 -9.97107 -8
1170300 -10.0466 -8
1170400 -10.5658 -8
1170500 -11.1374 -8
1170600 -11.4639 -8
1170700 -11.3003 -8
1170800 -10.9567 -8
1170900 -10.8669 -8
1171000 -10.8445 -8
1171100 -10.87 -8
1171200 -10.902 -8
1171300 -11.2127 -8
1171400 -11.3192 -8
1171500 -11.0575 -8
1171600 -10.8947 -8
1171700 -10.9982 -8
1171800 -11.2872 -8
1171900 -11.4673 -8
1172000 -11.1957 -8
1172100 -10.5388 -8
1172200 -10.2622 -8
1172300 -10.5712 -8
1172400 -10.9992 -8
1172500 -11.1173 -8
1172600 -11.1482 -8
1172700 -10.9381 -8
1172800 -10.4861 -8
1172900 -10.1695 -8
1173000 -10.1969 -8
1173100 -10.2465 -8
1173200 -10.3594 -8
1173300 -10.5127 -8
1173400 -10.645 -8
1173500 -10.5838 -8
1173600 -10.7145 -8
1173700 -11.1069 -8
1173800 -11.1399 -8
1173900 -10.929 -8
1174000 -10.6155 -8
1174100 -10.8596 -8
1174200 -11.1341 -8
1174300 -11.0593 -8
1174400 -11.0097 -8
1174500 -10.7987 -8
1174600 -10.6613 -8
1174700 -10.8472 -8
1174800 -11.0003 -8
1174900 -11.1395 -8
1175000 -11.3949 -8
1175100 -11.4561 -8
1175200 -11.3361 -8
1175300 -11.0478 -8
1175400 -10.9834 -8
1175500 -10.9619 -8
1175600 -10.6191 -8
1175700 -10.2825 -8
1175800 -9.97645 -8
1175900 -9.99356 -8
1176000 -10.4863 -8
1176100 -11.0432 -8
1176200 -11.1608 -8
1176300 -10.9019 -8
1176400 -10.5626 -8
1176500 -10.5176 -8
1176600 -10.5266 -8
1176700 -10.7805 -8
1176800 -11.117 -8
1176900 -11.2782 -8
1177000 -11.1632 -8
1177100 -10.8286 -8
1177200 -10.5451 -8
1177300 -10.4006 -8
1177400 -10.5058 -8
1177500 -10.9585 -8
1177600 -11.4355 -8
1177700 -11.7701 -8
1177800 -11.7038 -8
1177900 -11.1181 -8
1178000 -10.5026 -8
1178100 -10.4059 -8
1178200 -10.7194 -8
1178300 -11.125 -8
1178400 -11.4742 -8
1178500 -11.5458 -8
1178600 -11.2475 -8
1178700 -10.9698 -8
1178800 -10.4977 -8
1178900 -10.1725 -8
1179000 -10.1317 -8
1179100 -10.5008 -8
1179200 -10.8906 -8
1179300 -10.9664 -8
1179400 -11.025 -8
1179500 -11.0925 -8
1179600 -10.8107 -8
1179700 -10.4608 -8
1179800 -10.2513 -8
1179900 -10.7222 -8
1180000 -11.0751 -8
1180100 -11.3777 -8
1180200 -11.5465 -8
1180300 -11.3394 -8
1180400 -10.8694 -8
1180500 -10.6336 -8
1180600 -10.6252 -8
1180700 -10.7206 -8
1180800 -11.2918 -8
1180900 -11.6898 -8
1181000 -11.4572 -8
1181100 -10.8793 -8
1181200 -10.4203 -8
1181300 -10.3288 -8
1181400 -10.7339 -8
1181500 -11.1758 -8
1181600 -11.4703 -8
1181700 -11.3721 -8
1181800 -10.9766 -8
1181900 -10.2739 -8
1182000 -9.8675 -8
1182100 -10.2023 -8
1182200 -10.9268 -8
1182300 -11.5258 -8
1182400 -11.5904 -8
1182500 -11.1519 -8
1182600 -10.9619 -8
1182700 -11.0482 -8
1182800 -10.9665 -8
1182900 -10.8386 -8
1183000 -10.9393 -8
1183100 -10.7953 -8
1183200 -10.5869 -8
1183300 -10.7694 -8
1183400 -11.1892 -8
1183500 -11.5188 -8
1183600 -11.5945 -8
1183700 -11.6968 -8
1183800 -11.3753 -8
1183900 -11.0012 -8
1184000 -10.9359 -8
1184100 -10.9708 -8
1184200 -11.0211 -8
1184300 -11.055 -8
1184400 -10.8939 -8
1184500 -10.5818 -8
1184600 -10.2578 -8
1184700 -10.2672 -8
1184800 -10.7887 -8
1184900 -11.0596 -8
1185000 -11.0226 -8
1185100 -10.7991 -8
1185200 -10.4388 -8
1185300 -10.2772 -8
1185400 -10.4972 -8
1185500 -10.8923 -8
1185600 -11.0981 -8
1185700 -11.1848 -8
1185800 -11.085 -8
1185900 -10.9621 -8
1186000 -10.6505 -8
1186100 -10.5759 -8
1186200 -10.7449 -8
1186300 -10.8419 -8
1186400 -11.0536 -8
1186500 -11.2291 -8
1186600 -11.1455 -8
1186700 -10.9669 -8
1186800 -10.7762 -8
1186900 -10.5903 -8
1187000 -10.5848 -8
1187100 -10.6173 -8
1187200 -10.7298 -8
1187300 -10.7355 -8
1187400 -10.7908 -8
1187500 -10.6385 -8
1187600 -10.6382 -8
1187700 -10.7377 -8
1187800 -10.7497 -8
1187900 -10.6355 -8
1188000 -10.3409 -8
1188100 -10.3427 -8
1188200 -10.8715 -8
1188300 -11.333 -8
1188400 -11.3725 -8
1188500 -11.1626 -8
1188600 -10.7546 -8
1188700 -10.5851 -8
1188800 -10.8951 -8
1188900 -11.2126 -8
1189000 -11.3647 -8
1189100 -11.1159 -8
1189200 -10.9023 -8
1189300 -10.7299 -8
1189400 -10.6421 -8
1189500 -10.5332 -8
1189600 -10.3037 -8
1189700 -10.4367 -8
1189800 -10.8012 -8
1189900 -10.9684 -8
1190000 -10.9661 -8
1190100 -10.9238 -8
1190200 -11.0375 -8
1190300 -11.1653 -8
1190400 -11.053 -8
1190500 -11.0117 -8
1190600 -10.9273 -8
1190700 -10.4398 -8
1190800 -10.5151 -8
1190900 -10.8006 -8
1191000 -10.981 -8
1191100 -11.1954 -8
1191200 -11.1278 -8
1191300 -10.9017 -8
1191400 -10.4705 -8
1191500 -10.4262 -8
1191600 -10.6017 -8
1191700 -10.6462 -8
1191800 -10.8109 -8
1191900 -11.2148 -8
1192000 -11.452 -8
1192100 -11.2266 -8
1192200 -10.7529 -8
1192300 -10.2257 -8
1192400 -10.0794 -8
1192500 -10.3096 -8
1192600 -10.5789 -8
1192700 -10.8433 -8
1192800 -11.1222 -8
1192900 -11.2581 -8
1193000 -11.3161 -8
1193100 -11.1645 -8
1193200 -10.8299 -8
1193300 -10.6824 -8
1193400 -10.764 -8
1193500 -10.8942 -8
1193600 -10.9266 -8
1193700 -10.7123 -8
1193800 -10.5405 -8
1193900 -10.5202 -8
1194000 -10.8669 -8
1194100 -11.013 -8
1194200 -11.0027 -8
1194300 -10.7953 -8
1194400 -10.6607 -8
1194500 -10.5496 -8
1194600 -10.5399 -8
1194700 -10.8327 -8
1194800 -10.9509 -8
1194900 -10.9992 -8
1195000 -10.8093 -8
1195100 -10.5298 -8
1195200 -10.7028 -8
1195300 -11.2153 -8
1195400 -11.3857 -8
1195500 -11.36 -8
1195600 -10.9702 -8
1195700 -10.4058 -8
1195800 -10.2963 -8
1195900 -10.6733 -8
1196000 -11.0113 -8
1196100 -11.057 -8
1196200 -10.9234 -8
1196300 -10.6747 -8
1196400 -10.6187 -8
1196500 -10.4276 -8
1196600 -10.0637 -8
1196700 -10.2914 -8
1196800 -10.9866 -8
1196900 -11.5785 -8
1197000 -11.5147 -8
1197100 -10.9867 -8
1197200 -10.2805 -8
1197300 -10.3801 -8
1197400 -11.035 -8
1197500 -11.3833 -8
1197600 -11.2503 -8
1197700 -10.8729 -8
1197800 -10.7018 -8
1197900 -10.7575 -8
1198000 -11.0272 -8
1198100 -11.1013 -8
1198200 -11.1259 -8
1198300 -11.0308 -8
1198400 -11.0067 -8
1198500 -10.9264 -8
1198600 -10.7314 -8
1198700 -10.5613 -8
1198800 -10.7323 -8
1198900 -10.4976 -8
1199000 -10.4174 -8
1199100 -10.7619 -8
1199200 -11.2297 -8
1199300 -11.5305 -8
1199400 -11.4509 -8
1199500 -11.0115 -8
1199600 -10.4636 -8
1199700 -10.5668 -8
1199800 -11.1029 -8
1199900 -11.5692 -8
1200000 -11.4464 -8
1200100 -11.0693 -8
1200200 -10.4571 -8
1200300 -10.1088 -8
1200400 -10.3926 -8
1200500 -10.9407 -8
1200600 -11.0057 -8
1200700 -10.643 -8
1200800 -10.3023 -8
1200900 -10.4536 -8
1201000 -10.9948 -8
1201100 -11.5189 -8
1201200 -11.5338 -8
1201300 -11.3373 -8
1201400 -11.0653 -8
1201500 -10.9305 -8
1201600 -10.9395 -8
1201700 -11.1185 -8
1201800 -11.0664 -8
1201900 -10.8311 -8
1202000 -10.7346 -8
1202100 -10.7327 -8
1202200 -10.7595 -8
1202300 -10.6942 -8
1202400 -10.6532 -8
1202500 -10.476 -8
1202600 -10.6608 -8
1202700 -10.9514 -8
1202800 -10.9549 -8
1202900 -10.9025 -8
1203000 -10.8257 -8
1203100 -10.9159 -8
1203200 -10.8607 -8
1203300 -10.7261 -8
1203400 -10.8385 -8
1203500 -11.0562 -8
1203600 -10.9945 -8
1203700 -10.7097 -8
1203800 -10.5029 -8
1203900 -10.5206 -8
1204000 -10.666 -8
1204100 -10.6528 -8
1204200 -10.4644 -8
1204300 -10.5188 -8
1204400 -10.5123 -8
1204500 -10.58 -8
1204600 -10.6672 -8
1204700 -10.5767 -8
1204800 -10.8081 -8
1204900 -11.099 -8
1205000 -11.3391 -8
1205100 -11.1797 -8
1205200 -10.6384 -8
1205300 -10.6765 -8
1205400 -10.96 -8
1205500 -11.1034 -8
1205600 -11.0513 -8
1205700 -11.0293 -8
1205800 -10.9888 -8
1205900 -10.664 -8
1206000 -10.5689 -8
1206100 -10.6524 -8
1206200 -10.7897 -8
1206300 -10.6057 -8
1206400 -10.3818 -8
1206500 -10.6285 -8
1206600 -10.9236 -8
1206700 -10.8446 -8
1206800 -10.8398 -8
1206900 -10.7442 -8
1207000 -10.6741 -8
1207100 -10.5653 -8
1207200 -10.7433 -8
1207300 -10.9565 -8
1207400 -10.9613 -8
1207500 -10.7402 -8
1207600 -10.7467 -8
1207700 -10.6906 -8
1207800 -10.6515 -8
1207900 -10.9575 -8
1208000 -11.2871 -8
1208100 -11.4448 -8
1208200 -11.5285 -8
1208300 -11.3073 -8
1208400 -10.7289 -8
1208500 -10.282 -8
1208600 -9.86347 -8
1208700 -9.69617 -8
1208800 -10.1856 -8
1208900 -10.8288 -8
1209000 -11.3343 -8
1209100 -11.6899 -8
1209200 -11.4823 -8
1209300 -11.1543 -8
1209400 -10.7662 -8
1209500 -10.6313 -8
1209600 -10.8984 -8
1209700 -11.0984 -8
1209800 -11.3263 -8
1209900 -11.321 -8
1210000 -11.1145 -8
1210100 -10.7963 -8
1210200 -10.6895 -8
1210300 -10.6714 -8
1210400 -10.9498 -8
1210500 -11.3339 -8
1210600 -11.3909 -8
1210700 -10.802 -8
1210800 -10.2607 -8
1210900 -10.2754 -8
1211000 -10.6714 -8
1211100 -11.0261 -8
1211200 -11.42 -8
1211300 -11.4698 -8
1211400 -11.1647 -8
1211500 -10.6812 -8
1211600 -10.6203 -8
1211700 -10.7997 -8
1211800 -10.9237 -8
1211900 -11.1438 -8
1212000 -11.4467 -8
1212100 -11.2983 -8
1212200 -10.6939 -8
1212300 -10.0611 -8
1212400 -9.80073 -8
1212500 -10.2701 -8
1212600 -10.7787 -8
1212700 -11.0377 -8
1212800 -10.9237 -8
1212900 -10.4059 -8
1213000 -10.0975 -8
1213100 -10.2219 -8
1213200 -10.6955 -8
1213300 -11.3002 -8
1213400 -11.5703 -8
1213500 -11.5522 -8
1213600 -11.354 -8
1213700 -10.9005 -8
1213800 -10.5124 -8
1213900 -10.5772 -8
1214000 -10.7884 -8
1214100 -10.9769 -8
1214200 -10.9536 -8
1214300 -10.9612 -8
1214400 -10.9608 -8
1214500 -10.855 -8
1214600 -10.7551 -8
1214700 -10.8329 -8
1214800 -11.0295 -8
1214900 -11.1386 -8
1215000 -10.9049 -8
1215100 -10.5092 -8
1215200 -10.5782 -8
1215300 -10.9131 -8
1215400 -11.0527 -8
1215500 -10.911 -8
1215600 -10.8784 -8
1215700 -10.8603 -8
1215800 -10.8186 -8
1215900 -10.9107 -8
1216000 -11.0444 -8
1216100 -10.9842 -8
1216200 -10.6707 -8
1216300 -10.5893 -8
1216400 -10.7827 -8
1216500 -10.8446 -8
1216600 -10.7496 -8
1216700 -10.5386 -8
1216800 -10.4201 -8
1216900 -10.3795 -8
1217000 -10.502 -8
1217100 -10.9888 -8
1217200 -11.6117 -8
1217300 -11.8236 -8
1217400 -11.6654 -8
1217500 -11.2933 -8
1217600 -10.713 -8
1217700 -10.2762 -8
1217800 -10.3594 -8
1217900 -10.6965 -8
1218000 -10.6786 -8
1218100 -10.6759 -8
1218200 -10.9727 -8
1218300 -11.0977 -8
1218400 -10.9933 -8
1218500 -10.8398 -8
1218600 -10.6649 -8
1218700 -10.4596 -8
1218800 -10.4078 -8
1218900 -10.6387 -8
1219000 -10.8653 -8
1219100 -10.7181 -8
1219200 -10.45 -8
1219300 -10.2193 -8
1219400 -10.298 -8
1219500 -10.5126 -8
1219600 -10.4751 -8
1219700 -10.5849 -8
1219800 -10.7616 -8
1219900 -10.7741 -8
1220000 -10.9422 -8
1220100 -11.2887 -8
1220200 -11.2849 -8
1220300 -11.2841 -8
1220400 -11.0912 -8
1220500 -10.6848 -8
1220600 -10.1664 -8
1220700 -10.0309 -8
1220800 -10.488 -8
1220900 -10.8913 -8
1221000 -11.118 -8
1221100 -11.1648 -8
1221200 -10.8465 -8
1221300 -10.4038 -8
1221400 -10.2189 -8
1221500 -10.2166 -8
1221600 -10.4688 -8
1221700 -10.8948 -8
1221800 -11.119 -8
1221900 -10.8991 -8
1222000 -10.9415 -8
1222100 -11.1562 -8
1222200 -11.2306 -8
1222300 -11.2217 -8
1222400 -11.066 -8
1222500 -11.0683 -8
1222600 -10.9639 -8
1222700 -10.9019 -8
1222800 -10.8204 -8
1222900 -10.4616 -8
1223000 -10.3735 -8
1223100 -10.7484 -8
1223200 -10.8758 -8
1223300 -10.8744 -8
1223400 -11.1274 -8
1223500 -11.3092 -8
1223600 -10.7928 -8
1223700 -10.3293 -8
1223800 -10.422 -8
1223900 -10.6104 -8
1224000 -10.5355 -8
1224100 -10.6652 -8
1224200 -10.7475 -8
1224300 -10.7482 -8
1224400 -10.8767 -8
1224500 -10.9769 -8
1224600 -11.1025 -8
1224700 -11.0347 -8
1224800 -10.8302 -8
1224900 -10.8921 -8
1225000 -11.1617 -8
1225100 -11.1859 -8
1225200 -10.7767 -8
1225300 -10.2334 -8
1225400 -9.95819 -8
1225500 -10.2839 -8
1225600 -11.1414 -8
1225700 -11.9271 -8
1225800 -12.3365 -8
1225900 -12.3237 -8
1226000 -11.6648 -8
1226100 -10.927 -8
1226200 -10.2834 -8
1226300 -9.90809 -8
1226400 -10.2572 -8
1226500 -11.0125 -8
1226600 -11.6103 -8
1226700 -11.8176 -8
1226800 -11.1419 -8
1226900 -10.4169 -8
1227000 -10.4707 -8
1227100 -10.8801 -8
1227200 -11.1955 -8
1227300 -11.2628 -8
1227400 -11.2002 -8
1227500 -10.7914 -8
1227600 -10.5092 -8
1227700 -10.6965 -8
1227800 -11.0136 -8
1227900 -11.0993 -8
1228000 -10.9097 -8
1228100 -10.7661 -8
1228200 -10.555 -8
1228300 -10.5932 -8
1228400 -10.6737 -8
1228500 -10.6923 -8
1228600 -10.6401 -8
1228700 -10.608 -8
1228800 -10.4546 -8
1228900 -10.4435 -8
1229000 -10.6593 -8
1229100 -10.995 -8
1229200 -11.0609 -8
1229300 -10.8701 -8
1229400 -10.7991 -8
1229500 -10.93 -8
1229600 -10.9926 -8
1229700 -10.8948 -8
1229800 -10.7593 -8
1229900 -10.7827 -8
1230000 -10.9703 -8
1230100 -11.2283 -8
1230200 -11.4131 -8
1230300 -11.4078 -8
1230400 -11.1846 -8
1230500 -10.8987 -8
1230600 -10.4173 -8
1230700 -10.4456 -8
1230800 -10.824 -8
1230900 -11.0398 -8
1231000 -10.8752 -8
1231100 -10.8148 -8
1231200 -10.9796 -8
1231300 -11.1915 -8
1231400 -11.2078 -8
1231500 -10.7149 -8
1231600 -10.1537 -8
1231700 -10.0111 -8
1231800 -10.2552 -8
1231900 -10.6906 -8
1232000 -11.1248 -8
1232100 -11.1191 -8
1232200 -10.9034 -8
1232300 -10.8281 -8
1232400 -10.9682 -8
1232500 -11.1523 -8
1232600 -10.8759 -8
1232700 -10.4744 -8
1232800 -10.3453 -8
1232900 -10.4324 -8
1233000 -10.5958 -8
1233100 -10.9317 -8
1233200 -11.1159 -8
1233300 -11.1052 -8
1233400 -10.8088 -8
1233500 -10.2452 -8
1233600 -10.2563 -8
1233700 -10.6873 -8
1233800 -11.1342 -8
1233900 -11.495 -8
1234000 -11.51 -8
1234100 -11.1418 -8
1234200 -10.9976 -8
1234300 -10.6684 -8
1234400 -10.1698 -8
1234500 -10.2271 -8
1234600 -10.6123 -8
1234700 -11.0248 -8
1234800 -11.2195 -8
1234900 -11.1984 -8
1235000 -10.6999 -8
1235100 -10.3617 -8
1235200 -10.5382 -8
1235300 -10.7658 -8
1235400 -11.0165 -8
1235500 -11.0425 -8
1235600 -10.6629 -8
1235700 -10.2635 -8
1235800 -10.3209 -8
1235900 -10.7445 -8
1236000 -10.7844 -8
1236100 -10.4297 -8
1236200 -10.3041 -8
1236300 -10.6213 -8
1236400 -11.0647 -8
1236500 -11.5537 -8
1236600 -11.6153 -8
1236700 -11.4205 -8
1236800 -11.1408 -8
1236900 -10.6611 -8
1237000 -10.1977 -8
1237100 -10.2067 -8
1237200 -10.6781 -8
1237300 -11.2673 -8
1237400 -11.643 -8
1237500 -11.6145 -8
1237600 -11.0073 -8
1237700 -10.4372 -8
1237800 -10.0098 -8
1237900 -10.1293 -8
1238000 -10.4602 -8
1238100 -11 -8
1238200 -11.1536 -8
1238300 -11.0918 -8
1238400 -11.2273 -8
1238500 -11.1373 -8
1238600 -10.8735 -8
1238700 -10.7654 -8
1238800 -10.6029 -8
1238900 -10.3861 -8
1239000 -10.4304 -8
1239100 -10.539 -8
1239200 -11.0487 -8
1239300 -11.4365 -8
1239400 -11.3567 -8
1239500 -10.9451 -8
1239600 -10.4375 -8
1239700 -10.2287 -8
1239800 -10.415 -8
1239900 -11.0808 -8
1240000 -11.4748 -8
1240100 -11.4024 -8
1240200 -10.8264 -8
1240300 -10.3557 -8
1240400 -10.3214 -8
1240500 -10.5481 -8
1240600 -10.8331 -8
1240700 -11.1267 -8
1240800 -11.2975 -8
1240900 -11.1276 -8
1241000 -10.9674 -8
1241100 -10.8627 -8
1241200 -10.8772 -8
1241300 -11.0693 -8
1241400 -11.2043 -8
1241500 -11.3012 -8
1241600 -11.4257 -8
1241700 -11.3066 -8
1241800 -10.7783 -8
1241900 -10.4127 -8
1242000 -10.5298 -8
1242100 -11.0344 -8
1242200 -11.339 -8
1242300 -11.4325 -8
1242400 -11.3924 -8
1242500 -11.272 -8
1242600 -11.0346 -8
1242700 -10.7306 -8
1242800 -10.8359 -8
1242900 -11.0532 -8
1243000 -11.0223 -8
1243100 -10.8152 -8
1243200 -10.6428 -8
1243300 -10.6753 -8
1243400 -11.0204 -8
1243500 -10.9486 -8
1243600 -10.5749 -8
1243700 -10.3496 -8
1243800 -10.5045 -8
1243900 -10.6689 -8
1244000 -11.1276 -8
1244100 -11.3754 -8
1244200 -11.0523 -8
1244300 -10.6942 -8
1244400 -10.6191 -8
1244500 -10.6959 -8
1244600 -10.6867 -8
1244700 -10.7169 -8
1244800 -10.7904 -8
1244900 -10.7917 -8
1245000 -10.8528 -8
1245100 -10.8487 -8
1245200 -10.7439 -8
1245300 -10.558 -8
1245400 -10.5362 -8
1245500 -10.4487 -8
1245600 -10.6567 -8
1245700 -11.0589 -8
1245800 -11.2021 -8
1245900 -11.0062 -8
1246000 -10.6194 -8
1246100 -10.4608 -8
1246200 -10.5413 -8
1246300 -10.6032 -8
1246400 -10.6607 -8
1246500 -10.5946 -8
1246600 -10.4493 -8
1246700 -10.4783 -8
1246800 -10.6803 -8
1246900 -11.2999 -8
1247000 -11.3988 -8
1247100 -11.0898 -8
1247200 -11.0715 -8
1247300 -10.8579 -8
1247400 -10.7212 -8
1247500 -10.6409 -8
1247600 -10.4051 -8
1247700 -10.3375 -8
1247800 -10.4314 -8
1247900 -10.8581 -8
1248000 -11.2147 -8
1248100 -11.0657 -8
1248200 -10.7486 -8
1248300 -10.46 -8
1248400 -10.5154 -8
1248500 -10.927 -8
1248600 -11.3307 -8
1248700 -11.5931 -8
1248800 -11.3339 -8
1248900 -10.8621 -8
1249000 -10.566 -8
1249100 -10.4584 -8
1249200 -10.4346 -8
1249300 -10.7824 -8
1249400 -11.0897 -8
1249500 -11.1086 -8
1249600 -11.0009 -8
1249700 -11.0268 -8
1249800 -10.9773 -8
1249900 -10.8791 -8
1250000 -10.7871 -8
1250100 -10.9643 -8
1250200 -11.1767 -8
1250300 -11.2045 -8
1250400 -11.1296 -8
1250500 -11.0123 -8
1250600 -10.7623 -8
1250700 -10.6969 -8
1250800 -10.797 -8
1250900 -11.0183 -8
1251000 -11.013 -8
1251100 -11.0371 -8
1251200 -10.9839 -8
1251300 -10.5301 -8
1251400 -10.241 -8
1251500 -10.1537 -8
1251600 -10.4743 -8
1251700 -11.0493 -8
1251800 -11.301 -8
1251900 -11.3498 -8
1252000 -10.9583 -8
1252100 -10.5748 -8
1252200 -10.4027 -8
1252300 -10.786 -8
1252400 -11.4146 -8
1252500 -11.6413 -8
1252600 -11.3642 -8
1252700 -11.0873 -8
1252800 -10.8414 -8
1252900 -10.7539 -8
1253000 -10.9041 -8
1253100 -11.0572 -8
1253200 -11.1142 -8
1253300 -11.1879 -8
1253400 -10.9686 -8
1253500 -10.5398 -8
1253600 -10.4279 -8
1253700 -10.7572 -8
1253800 -11.2246 -8
1253900 -11.5249 -8
1254000 -11.431 -8
1254100 -10.9814 -8
1254200 -10.5158 -8
1254300 -10.375 -8
1254400 -10.4842 -8
1254500 -10.7841 -8
1254600 -11.0786 -8
1254700 -11.3209 -8
1254800 -11.5086 -8
1254900 -11.3057 -8
1255000 -10.8382 -8
1255100 -10.5294 -8
1255200 -10.445 -8
1255300 -10.8842 -8
1255400 -11.322 -8
1255500 -11.2749 -8
1255600 -11.149 -8
1255700 -11.0615 -8
1255800 -10.8728 -8
1255900 -10.7005 -8
1256000 -10.7614 -8
1256100 -10.8438 -8
1256200 -11.1824 -8
1256300 -11.2034 -8
1256400 -11.038 -8
1256500 -10.7455 -8
1256600 -10.4395 -8
1256700 -10.6159 -8
1256800 -11.0825 -8
1256900 -11.3228 -8
1257000 -11.2268 -8
1257100 -10.7318 -8
1257200 -10.5449 -8
1257300 -10.7416 -8
1257400 -10.9541 -8
1257500 -10.7517 -8
1257600 -10.5991 -8
1257700 -10.5481 -8
1257800 -10.7984 -8
1257900 -10.989 -8
1258000 -10.8876 -8
1258100 -10.5243 -8
1258200 -10.2094 -8
1258300 -10.4088 -8
1258400 -11.0396 -8
1258500 -11.4309 -8
1258600 -11.5641 -8
1258700 -11.318 -8
1258800 -10.8235 -8
1258900 -10.2926 -8
1259000 -10.0104 -8
1259100 -10.2876 -8
1259200 -10.7974 -8
1259300 -11.3837 -8
1259400 -11.8256 -8
1259500 -11.8458 -8
1259600 -11.4274 -8
1259700 -10.9955 -8
1259800 -10.8188 -8
1259900 -10.7021 -8
1260000 -10.4324 -8
1260100 -10.6028 -8
1260200 -11.0829 -8
1260300 -11.313 -8
1260400 -11.1307 -8
1260500 -10.6359 -8
1260600 -10.2231 -8
1260700 -10.3191 -8
1260800 -10.646 -8
1260900 -11.2304 -8
1261000 -11.5168 -8
1261100 -11.2221 -8
1261200 -10.5994 -8
1261300 -10.3299 -8
1261400 -10.5067 -8
1261500 -10.9778 -8
1261600 -11.1735 -8
1261700 -11.1264 -8
1261800 -10.714 -8
1261900 -10.4753 -8
1262000 -10.6805 -8
1262100 -11.0023 -8
1262200 -11.121 -8
1262300 -11.08 -8
1262400 -11.0291 -8
1262500 -11.2112 -8
1262600 -11.3066 -8
1262700 -11.1991 -8
1262800 -10.8723 -8
1262900 -10.5928 -8
1263000 -10.6792 -8
1263100 -10.9063 -8
1263200 -11.0721 -8
1263300 -11.3241 -8
1263400 -11.7855 -8
1263500 -11.9392 -8
1263600 -11.7153 -8
1263700 -11.0239 -8
1263800 -10.4025 -8
1263900 -10.2135 -8
1264000 -10.7318 -8
1264100 -11.3507 -8
1264200 -11.6606 -8
1264300 -11.7665 -8
1264400 -11.4762 -8
1264500 -10.9397 -8
1264600 -10.7334 -8
1264700 -10.6897 -8
1264800 -10.5515 -8
1264900 -10.56 -8
1265000 -10.6581 -8
1265100 -10.7112 -8
1265200 -10.8238 -8
1265300 -10.9192 -8
1265400 -10.815 -8
1265500 -10.611 -8
1265600 -10.4026 -8
1265700 -10.3723 -8
1265800 -10.6402 -8
1265900 -10.8767 -8
1266000 -10.9714 -8
1266100 -10.9886 -8
1266200 -10.9128 -8
1266300 -10.7001 -8
1266400 -10.5958 -8
1266500 -10.5639 -8
1266600 -10.7964 -8
1266700 -11.1656 -8
1266800 -11.2254 -8
1266900 -10.9108 -8
1267000 -10.6515 -8
1267100 -10.571 -8
1267200 -10.6594 -8
1267300 -10.8792 -8
1267400 -11.2341 -8
1267500 -11.2328 -8
1267600 -10.8862 -8
1267700 -10.6043 -8
1267800 -11.0005 -8
1267900 -11.412 -8
1268000 -11.3149 -8
1268100 -10.8729 -8
1268200 -10.6228 -8
1268300 -10.6965 -8
1268400 -10.969 -8
1268500 -11.11 -8
1268600 -10.9308 -8
1268700 -10.8139 -8
1268800 -10.8751 -8
1268900 -11.0557 -8
1269000 -11.1192 -8
1269100 -10.8896 -8
1269200 -10.736 -8
1269300 -10.8214 -8
1269400 -11.0473 -8
1269500 -11.2764 -8
1269600 -11.0995 -8
1269700 -11.0415 -8
1269800 -10.9389 -8
1269900 -10.658 -8
1270000 -10.3536 -8
1270100 -10.5694 -8
1270200 -10.9923 -8
1270300 -11.251 -8
1270400 -11.3396 -8
1270500 -11.4066 -8
1270600 -11.1509 -8
1270700 -10.9066 -8
1270800 -10.8247 -8
1270900 -10.9877 -8
1271000 -11.1113 -8
1271100 -10.958 -8
1271200 -10.6933 -8
1271300 -10.8202 -8
1271400 -11.0699 -8
1271500 -11.3072 -8
1271600 -11.3789 -8
1271700 -11.2068 -8
1271800 -10.5367 -8
1271900 -10.0055 -8
1272000 -10.1861 -8
1272100 -10.8751 -8
1272200 -11.1597 -8
1272300 -10.6937 -8
1272400 -10.2215 -8
1272500 -10.0944 -8
1272600 -10.54 -8
1272700 -10.9516 -8
1272800 -11.0475 -8
1272900 -10.7529 -8
1273000 -10.509 -8
1273100 -10.3464 -8
1273200 -10.6045 -8
1273300 -11.0184 -8
1273400 -11.3407 -8
1273500 -11.5246 -8
1273600 -11.2891 -8
1273700 -10.8469 -8
1273800 -10.3047 -8
1273900 -10.1214 -8
1274000 -10.3076 -8
1274100 -10.7492 -8
1274200 -11.1335 -8
1274300 -11.3053 -8
1274400 -11.3122 -8
1274500 -11.2147 -8
1274600 -10.9609 -8
1274700 -10.8047 -8
1274800 -10.573 -8
1274900 -10.6269 -8
1275000 -11.1881 -8
1275100 -11.626 -8
1275200 -11.6029 -8
1275300 -11.5918 -8
1275400 -11.4684 -8
1275500 -11.2389 -8
1275600 -10.8782 -8
1275700 -10.6125 -8
1275800 -10.6549 -8
1275900 -11.0766 -8
1276000 -11.2926 -8
1276100 -11.1543 -8
1276200 -11.0092 -8
1276300 -10.9009 -8
1276400 -10.7805 -8
1276500 -10.565 -8
1276600 -10.4938 -8
1276700 -10.7305 -8
1276800 -10.9673 -8
1276900 -10.9907 -8
1277000 -10.7719 -8
1277100 -10.5687 -8
1277200 -10.661 -8
1277300 -10.9588 -8
1277400 -11.3113 -8
1277500 -11.4601 -8
1277600 -11.2356 -8
1277700 -10.9463 -8
1277800 -10.7859 -8
1277900 -10.3932 -8
1278000 -10.1012 -8
1278100 -10.2176 -8
1278200 -10.718 -8
1278300 -11.1546 -8
1278400 -11.2258 -8
1278500 -11.1066 -8
1278600 -11.1606 -8
1278700 -10.9913 -8
1278800 -10.5327 -8
1278900 -10.5859 -8
1279000 -10.7064 -8
1279100 -10.7555 -8
1279200 -10.7691 -8
1279300 -10.6208 -8
1279400 -10.5493 -8
1279500 -10.6832 -8
1279600 -10.6384 -8
1279700 -10.4874 -8
1279800 -10.4576 -8
1279900 -10.4901 -8
1280000 -10.7185 -8
1280100 -10.8482 -8
1280200 -10.9392 -8
1280300 -11.1034 -8
1280400 -11.2694 -8
1280500 -11.0881 -8
1280600 -10.8443 -8
1280700 -10.8623 -8
1280800 -11.1397 -8
1280900 -11.5303 -8
1281000 -11.3623 -8
1281100 -11.1732 -8
1281200 -10.9665 -8
1281300 -10.5855 -8
1281400 -10.6431 -8
1281500 -10.8633 -8
1281600 -11.0269 -8
1281700 -11.1159 -8
1281800 -11.1127 -8
1281900 -10.9914 -8
1282000 -11.0254 -8
1282100 -10.8669 -8
1282200 -10.6603 -8
1282300 -10.6756 -8
1282400 -10.9709 -8
1282500 -11.2534 -8
1282600 -11.1402 -8
1282700 -10.7969 -8
1282800 -10.4474 -8
1282900 -10.3937 -8
1283000 -10.6644 -8
1283100 -10.9872 -8
1283200 -11.1578 -8
1283300 -10.9948 -8
1283400 -10.7254 -8
1283500 -10.7854 -8
1283600 -10.8205 -8
1283700 -10.6085 -8
1283800 -10.4028 -8
1283900 -10.433 -8
1284000 -10.6751 -8
1284100 -10.829 -8
1284200 -10.8237 -8
1284300 -10.5409 -8
1284400 -10.3213 -8
1284500 -10.626 -8
1284600 -10.9831 -8
1284700 -10.9024 -8
1284800 -10.7629 -8
1284900 -10.678 -8
1285000 -10.7125 -8
1285100 -10.6994 -8
1285200 -10.9466 -8
1285300 -10.9905 -8
1285400 -10.7166 -8
1285500 -10.5819 -8
1285600 -10.9133 -8
1285700 -11.1492 -8
1285800 -11.2408 -8
1285900 -11.1266 -8
1286000 -11.0002 -8
1286100 -10.8023 -8
1286200 -10.9282 -8
1286300 -10.9514 -8
1286400 -10.9384 -8
1286500 -10.9725 -8
1286600 -11.0635 -8
1286700 -10.7758 -8
1286800 -10.6936 -8
1286900 -10.7754 -8
1287000 -10.9129 -8
1287100 -10.9132 -8
1287200 -10.8071 -8
1287300 -10.5732 -8
1287400 -10.5505 -8
1287500 -10.5696 -8
1287600 -10.5583 -8
1287700 -10.515 -8
1287800 -10.4543 -8
1287900 -10.5818 -8
1288000 -10.8495 -8
1288100 -11.1689 -8
1288200 -11.2528 -8
1288300 -11.0759 -8
1288400 -10.6713 -8
1288500 -10.4162 -8
1288600 -10.551 -8
1288700 -10.7106 -8
1288800 -10.7136 -8
1288900 -10.5203 -8
1289000 -10.1271 -8
1289100 -10.1574 -8
1289200 -10.5208 -8
1289300 -10.7623 -8
1289400 -10.9923 -8
1289500 -11.3459 -8
1289600 -11.5168 -8
1289700 -11.0762 -8
1289800 -10.6894 -8
1289900 -10.5803 -8
1290000 -10.7013 -8
1290100 -10.6474 -8
1290200 -10.7903 -8
1290300 -10.6993 -8
1290400 -10.4345 -8
1290500 -10.4673 -8
1290600 -10.8501 -8
1290700 -11.1029 -8
1290800 -11.1027 -8
1290900 -11.0111 -8
1291000 -10.7944 -8
1291100 -10.3576 -8
1291200 -9.91586 -8
1291300 -9.74178 -8
1291400 -9.7455 -8
1291500 -10.3046 -8
1291600 -11.14 -8
1291700 -11.5079 -8
1291800 -11.5603 -8
1291900 -11.223 -8
1292000 -10.7244 -8
1292100 -10.2557 -8
1292200 -10.235 -8
1292300 -10.5354 -8
1292400 -11.0655 -8
1292500 -11.4882 -8
1292600 -11.566 -8
1292700 -11.4339 -8
1292800 -11.0451 -8
1292900 -10.6991 -8
1293000 -10.6426 -8
1293100 -10.573 -8
1293200 -10.6352 -8
1293300 -10.7968 -8
1293400 -11.0054 -8
1293500 -10.86 -8
1293600 -10.6611 -8
1293700 -10.5007 -8
1293800 -10.6479 -8
1293900 -10.6331 -8
1294000 -10.754 -8
1294100 -10.8891 -8
1294200 -11.0025 -8
1294300 -11.2861 -8
1294400 -11.3667 -8
1294500 -10.8482 -8
1294600 -10.3793 -8
1294700 -10.1541 -8
1294800 -10.2055 -8
1294900 -10.5348 -8
1295000 -11.0926 -8
1295100 -11.415 -8
1295200 -11.0606 -8
1295300 -10.4281 -8
1295400 -10.0891 -8
1295500 -10.4253 -8
1295600 -10.6832 -8
1295700 -10.7101 -8
1295800 -10.9486 -8
1295900 -11.1782 -8
1296000 -11.2322 -8
1296100 -11.0916 -8
1296200 -11.1604 -8
1296300 -11.3404 -8
1296400 -11.3273 -8
1296500 -10.7579 -8
1296600 -10.3939 -8
1296700 -10.3873 -8
1296800 -10.4763 -8
1296900 -10.9135 -8
1297000 -11.2507 -8
1297100 -11.2985 -8
1297200 -10.9872 -8
1297300 -10.6028 -8
1297400 -10.4873 -8
1297500 -10.7665 -8
1297600 -11.0258 -8
1297700 -11.1144 -8
1297800 -11.0593 -8
1297900 -10.9855 -8
1298000 -11.3137 -8
1298100 -11.2918 -8
1298200 -10.943 -8
1298300 -10.5377 -8
1298400 -10.5034 -8
1298500 -10.7174 -8
1298600 -11.1751 -8
1298700 -11.2719 -8
1298800 -10.7096 -8
1298900 -10.1105 -8
1299000 -9.81674 -8
1299100 -9.62626 -8
1299200 -9.75274 -8
1299300 -10.3041 -8
1299400 -10.7927 -8
1299500 -10.8815 -8
1299600 -10.8727 -8
1299700 -10.942 -8
1299800 -10.6976 -8
1299900 -10.7552 -8
1300000 -11.0252 -8
1300100 -11.1148 -8
1300200 -10.9494 -8
1300300 -10.7366 -8
1300400 -10.5665 -8
1300500 -10.6812 -8
1300600 -10.9331 -8
1300700 -11.0606 -8
1300800 -10.9469 -8
1300900 -10.6302 -8
1301000 -10.3842 -8
1301100 -10.6832 -8
1301200 -11.2559 -8
1301300 -11.7963 -8
1301400 -11.967 -8
1301500 -11.5341 -8
1301600 -10.6166 -8
1301700 -10.072 -8
1301800 -10.1133 -8
1301900 -10.634 -8
1302000 -11.3658 -8
1302100 -11.6565 -8
1302200 -11.3944 -8
1302300 -11.1168 -8
1302400 -10.7621 -8
1302500 -10.5423 -8
1302600 -10.6949 -8
1302700 -10.8033 -8
1302800 -10.9209 -8
1302900 -11.008 -8
1303000 -11.0434 -8
1303100 -11.0182 -8
1303200 -11.0799 -8
1303300 -10.9086 -8
1303400 -10.7045 -8
1303500 -10.7869 -8
1303600 -10.813 -8
1303700 -10.8094 -8
1303800 -10.8866 -8
1303900 -10.8745 -8
1304000 -10.7381 -8
1304100 -10.5457 -8
1304200 -10.7541 -8
1304300 -11.3893 -8
1304400 -11.6257 -8
1304500 -11.4218 -8
1304600 -10.9079 -8
1304700 -10.5456 -8
1304800 -10.4962 -8
1304900 -10.9293 -8
1305000 -11.3073 -8
1305100 -11.2719 -8
1305200 -11.3614 -8
1305300 -11.206 -8
1305400 -10.9714 -8
1305500 -10.6535 -8
1305600 -10.4798 -8
1305700 -10.4872 -8
1305800 -10.9242 -8
1305900 -11.3747 -8
1306000 -11.6272 -8
1306100 -11.7061 -8
1306200 -11.6072 -8
1306300 -11.358 -8
1306400 -10.6911 -8
1306500 -10.0726 -8
1306600 -9.9187 -8
1306700 -10.3518 -8
1306800 -10.9068 -8
1306900 -11.1612 -8
1307000 -11.2306 -8
1307100 -11.0209 -8
1307200 -10.8658 -8
1307300 -10.5451 -8
1307400 -10.2391 -8
1307500 -10.5164 -8
1307600 -10.883 -8
1307700 -11.0519 -8
1307800 -11.3133 -8
1307900 -11.3456 -8
1308000 -11.1568 -8
1308100 -10.8585 -8
1308200 -10.6258 -8
1308300 -10.6678 -8
1308400 -10.8759 -8
1308500 -11.192 -8
1308600 -11.2984 -8
1308700 -10.9672 -8
1308800 -10.4477 -8
1308900 -10.3407 -8
1309000 -10.5449 -8
1309100 -10.8018 -8
1309200 -10.7672 -8
1309300 -10.7041 -8
1309400 -10.6932 -8
1309500 -10.68 -8
1309600 -11.0155 -8
1309700 -11.2309 -8
1309800 -11.1791 -8
1309900 -10.9915 -8
1310000 -10.9484 -8
1310100 -10.7892 -8
1310200 -10.7959 -8
1310300 -10.5968 -8
1310400 -10.2815 -8
1310500 -10.3247 -8
1310600 -10.4969 -8
1310700 -10.5539 -8
1310800 -10.7505 -8
1310900 -11.0046 -8
1311000 -11.044 -8
1311100 -10.878 -8
1311200 -10.8658 -8
1311300 -11.1919 -8
1311400 -11.2436 -8
1311500 -10.8172 -8
1311600 -10.3356 -8
1311700 -10.1948 -8
1311800 -10.4565 -8
1311900 -10.9082 -8
1312000 -11.2441 -8
1312100 -11.118 -8
1312200 -11.0265 -8
1312300 -10.8035 -8
1312400 -10.6452 -8
1312500 -10.8294 -8
1312600 -11.1673 -8
1312700 -11.1192 -8
1312800 -10.8331 -8
1312900 -10.8061 -8
1313000 -10.8164 -8
1313100 -10.8652 -8
1313200 -11.1657 -8
1313300 -11.423 -8
1313400 -11.3919 -8
1313500 -11.2024 -8
1313600 -10.8937 -8
1313700 -10.4126 -8
1313800 -10.2511 -8
1313900 -10.608 -8
1314000 -11.182 -8
1314100 -11.4782 -8
1314200 -11.3263 -8
1314300 -10.8115 -8
1314400 -10.3657 -8
1314500 -10.3915 -8
1314600 -11.0827 -8
1314700 -11.3869 -8
1314800 -11.1706 -8
1314900 -10.6357 -8
1315000 -10.2881 -8
1315100 -10.517 -8
1315200 -10.7319 -8
1315300 -10.945 -8
1315400 -11.0089 -8
1315500 -10.9018 -8
1315600 -10.7472 -8
1315700 -10.5912 -8
1315800 -10.2989 -8
1315900 -9.86674 -8
1316000 -9.75573 -8
1316100 -10.1458 -8
1316200 -10.7177 -8
1316300 -11.2262 -8
1316400 -11.1653 -8
1316500 -10.6952 -8
1316600 -10.2234 -8
1316700 -10.3029 -8
1316800 -10.7943 -8
1316900 -11.1002 -8
1317000 -11.1424 -8
1317100 -11.1274 -8
1317200 -10.9531 -8
1317300 -10.6354 -8
1317400 -10.574 -8
1317500 -10.4723 -8
1317600 -10.4646 -8
1317700 -10.9456 -8
1317800 -11.2658 -8
1317900 -11.1963 -8
1318000 -11.0104 -8
1318100 -11.0294 -8
1318200 -11.2508 -8
1318300 -11.1419 -8
1318400 -10.8759 -8
1318500 -10.7887 -8
1318600 -10.7988 -8
1318700 -10.5536 -8
1318800 -10.437 -8
1318900 -10.4174 -8
1319000 -10.6185 -8
1319100 -10.88 -8
1319200 -10.9794 -8
1319300 -10.6372 -8
1319400 -10.5247 -8
1319500 -10.5049 -8
1319600 -10.4451 -8
1319700 -10.3174 -8
1319800 -10.2625 -8
1319900 -10.429 -8
1320000 -10.7652 -8
1320100 -11.035 -8
1320200 -11.1167 -8
1320300 -11.0617 -8
1320400 -10.7539 -8
1320500 -10.5062 -8
1320600 -10.7093 -8
1320700 -11.1275 -8
1320800 -11.5257 -8
1320900 -11.5654 -8
1321000 -11.4025 -8
1321100 -10.9463 -8
1321200 -10.5524 -8
1321300 -10.543 -8
1321400 -10.9702 -8
1321500 -11.5156 -8
1321600 -11.6858 -8
1321700 -11.3702 -8
1321800 -11.0439 -8
1321900 -10.6084 -8
1322000 -10.3346 -8
1322100 -10.1551 -8
1322200 -10.4261 -8
1322300 -10.8239 -8
1322400 -11.0959 -8
1322500 -11.1286 -8
1322600 -11.0496 -8
1322700 -11.0021 -8
1322800 -11.0028 -8
1322900 -11.1138 -8
1323000 -11.2207 -8
1323100 -10.896 -8
1323200 -10.4019 -8
1323300 -10.4072 -8
1323400 -10.969 -8
1323500 -11.3601 -8
1323600 -11.3064 -8
1323700 -11.0754 -8
1323800 -10.6617 -8
1323900 -10.2771 -8
1324000 -10.0109 -8
1324100 -10.1968 -8
1324200 -10.7113 -8
1324300 -11.0596 -8
1324400 -11.1561 -8
1324500 -11.2267 -8
1324600 -11.2319 -8
1324700 -11.2778 -8
1324800 -11.3602 -8
1324900 -11.138 -8
1325000 -10.6384 -8
1325100 -10.5363 -8
1325200 -10.7129 -8
1325300 -10.7264 -8
1325400 -10.3634 -8
1325500 -10.1324 -8
1325600 -10.4219 -8
1325700 -11.0279 -8
1325800 -11.55 -8
1325900 -11.5128 -8
1326000 -11.2518 -8
1326100 -11.2165 -8
1326200 -10.8928 -8
1326300 -10.6852 -8
1326400 -10.6627 -8
1326500 -10.7814 -8
1326600 -11.0971 -8
1326700 -11.4067 -8
1326800 -11.5104 -8
1326900 -11.1495 -8
1327000 -10.5834 -8
1327100 -10.0988 -8
1327200 -9.95151 -8
1327300 -10.0483 -8
1327400 -10.3563 -8
1327500 -10.8561 -8
1327600 -11.125 -8
1327700 -10.7054 -8
1327800 -10.2912 -8
1327900 -10.4986 -8
1328000 -10.9737 -8
1328100 -11.3328 -8
1328200 -11.7321 -8
1328300 -11.6471 -8
1328400 -11.0813 -8
1328500 -10.5717 -8
1328600 -10.0142 -8
1328700 -9.69665 -8
1328800 -9.69917 -8
1328900 -9.88545 -8
1329000 -10.0521 -8
1329100 -10.3803 -8
1329200 -10.8493 -8
1329300 -11.1707 -8
1329400 -11.1794 -8
1329500 -10.9046 -8
1329600 -10.5582 -8
1329700 -10.3432 -8
1329800 -10.5524 -8
1329900 -11.095 -8
1330000 -11.6286 -8
1330100 -11.7084 -8
1330200 -11.5502 -8
1330300 -10.9698 -8
1330400 -10.4454 -8
1330500 -10.2154 -8
1330600 -10.4309 -8
1330700 -10.8579 -8
1330800 -11.0907 -8
1330900 -11.1779 -8
1331000 -10.8749 -8
1331100 -10.4782 -8
1331200 -10.1846 -8
1331300 -10.0766 -8
1331400 -10.2108 -8
1331500 -10.5178 -8
1331600 -10.7978 -8
1331700 -10.895 -8
1331800 -10.8247 -8
1331900 -10.5725 -8
1332000 -10.1569 -8
1332100 -10.0014 -8
1332200 -10.3015 -8
1332300 -11.0521 -8
1332400 -11.6221 -8
1332500 -11.9956 -8
1332600 -11.8795 -8
1332700 -11.5694 -8
1332800 -10.9694 -8
1332900 -10.2327 -8
1333000 -9.9173 -8
1333100 -10.1547 -8
1333200 -10.758 -8
1333300 -11.5595 -8
1333400 -11.7682 -8
1333500 -11.4095 -8
1333600 -10.9544 -8
1333700 -10.5642 -8
1333800 -10.5994 -8
1333900 -10.989 -8
1334000 -11.2228 -8
1334100 -11.2701 -8
1334200 -11.3943 -8
1334300 -11.3882 -8
1334400 -10.9368 -8
1334500 -10.5377 -8
1334600 -10.3543 -8
1334700 -10.5245 -8
1334800 -10.6136 -8
1334900 -10.5256 -8
1335000 -10.8076 -8
1335100 -11.1664 -8
1335200 -10.8909 -8
1335300 -10.7335 -8
1335400 -10.6769 -8
1335500 -10.7912 -8
1335600 -10.9562 -8
1335700 -10.7923 -8
1335800 -10.499 -8
1335900 -10.5225 -8
1336000 -10.8007 -8
1336100 -11.1309 -8
1336200 -10.9573 -8
1336300 -10.552 -8
1336400 -10.1959 -8
1336500 -10.1539 -8
1336600 -10.4853 -8
1336700 -10.7214 -8
1336800 -10.6056 -8
1336900 -10.6072 -8
1337000 -10.5749 -8
1337100 -10.8097 -8
1337200 -10.9297 -8
1337300 -10.8168 -8
1337400 -10.7064 -8
1337500 -10.4495 -8
1337600 -10.5401 -8
1337700 -11.0472 -8
1337800 -11.1469 -8
1337900 -10.9511 -8
1338000 -10.7818 -8
1338100 -10.4503 -8
1338200 -10.4126 -8
1338300 -10.735 -8
1338400 -10.9255 -8
1338500 -11.1432 -8
1338600 -11.4699 -8
1338700 -11.558 -8
1338800 -11.4531 -8
1338900 -11.2737 -8
1339000 -10.9278 -8
1339100 -10.8996 -8
1339200 -10.9972 -8
1339300 -10.92 -8
1339400 -10.6795 -8
1339500 -10.4714 -8
1339600 -10.3605 -8
1339700 -10.4292 -8
1339800 -10.6691 -8
1339900 -11.0441 -8
1340000 -11.4246 -8
1340100 -11.3856 -8
1340200 -10.9066 -8
1340300 -10.4235 -8
1340400 -10.3071 -8
1340500 -10.2412 -8
1340600 -10.3068 -8
1340700 -10.672 -8
1340800 -11.0308 -8
1340900 -11.6359 -8
1341000 -12.204 -8
1341100 -12.093 -8
1341200 -11.3815 -8
1341300 -10.7376 -8
1341400 -10.5094 -8
1341500 -10.5642 -8
1341600 -10.6193 -8
1341700 -10.7759 -8
1341800 -10.8439 -8
1341900 -10.8634 -8
1342000 -10.912 -8
1342100 -11.017 -8
1342200 -11.0098 -8
1342300 -10.8255 -8
1342400 -10.7573 -8
1342500 -10.7589 -8
1342600 -10.6955 -8
1342700 -10.4348 -8
1342800 -10.1341 -8
1342900 -10.3661 -8
1343000 -11.0986 -8
1343100 -11.7041 -8
1343200 -11.8028 -8
1343300 -11.4282 -8
1343400 -10.7962 -8
1343500 -10.444 -8
1343600 -10.6756 -8
1343700 -10.8248 -8
1343800 -10.8243 -8
1343900 -10.7056 -8
1344000 -10.5894 -8
1344100 -10.5117 -8
1344200 -10.4356 -8
1344300 -10.7052 -8
1344400 -11.0254 -8
1344500 -11.0896 -8
1344600 -10.995 -8
1344700 -10.8728 -8
1344800 -10.5229 -8
1344900 -10.3117 -8
1345000 -10.6509 -8
1345100 -10.9231 -8
1345200 -11.1396 -8
1345300 -11.189 -8
1345400 -10.9107 -8
1345500 -10.7298 -8
1345600 -10.6639 -8
1345700 -10.5472 -8
1345800 -10.6027 -8
1345900 -10.8611 -8
1346000 -10.9295 -8
1346100 -10.95 -8
1346200 -10.9284 -8
1346300 -10.6819 -8
1346400 -10.48 -8
1346500 -10.8829 -8
1346600 -11.345 -8
1346700 -11.3105 -8
1346800 -10.9015 -8
1346900 -10.5266 -8
1347000 -10.2823 -8
1347100 -10.4913 -8
1347200 -10.8051 -8
1347300 -11.1749 -8
1347400 -11.4157 -8
1347500 -11.4507 -8
1347600 -11.3127 -8
1347700 -11.0449 -8
1347800 -10.6669 -8
1347900 -10.2774 -8
1348000 -10.4327 -8
1348100 -10.7413 -8
1348200 -10.7011 -8
1348300 -10.4804 -8
1348400 -10.6022 -8
1348500 -10.8876 -8
1348600 -11.236 -8
1348700 -11.3515 -8
1348800 -11.1887 -8
1348900 -10.5858 -8
1349000 -10.1026 -8
1349100 -10.2985 -8
1349200 -10.7267 -8
1349300 -11.0688 -8
1349400 -11.0199 -8
1349500 -10.9156 -8
1349600 -10.8783 -8
1349700 -10.6222 -8
1349800 -10.5256 -8
1349900 -10.8577 -8
1350000 -11.1119 -8
1350100 -11.0415 -8
1350200 -10.9583 -8
1350300 -10.8397 -8
1350400 -10.6935 -8
1350500 -10.6921 -8
1350600 -11.0078 -8
1350700 -11.008 -8
1350800 -10.8254 -8
1350900 -10.58 -8
1351000 -10.4241 -8
1351100 -10.5508 -8
1351200 -10.7082 -8
1351300 -10.6909 -8
1351400 -10.6012 -8
1351500 -10.3448 -8
1351600 -9.99366 -8
1351700 -9.85834 -8
1351800 -10.2747 -8
1351900 -10.7782 -8
1352000 -11.1203 -8
1352100 -11.1556 -8
1352200 -10.969 -8
1352300 -10.7118 -8
1352400 -10.7206 -8
1352500 -10.8821 -8
1352600 -11.0265 -8
1352700 -10.9766 -8
1352800 -10.625 -8
1352900 -10.3919 -8
1353000 -10.6421 -8
1353100 -11.0096 -8
1353200 -11.0257 -8
1353300 -10.9395 -8
1353400 -10.7184 -8
1353500 -10.691 -8
1353600 -11.1112 -8
1353700 -11.4672 -8
1353800 -11.38 -8
1353900 -10.7729 -8
1354000 -10.2962 -8
1354100 -10.341 -8
1354200 -10.475 -8
1354300 -10.5936 -8
1354400 -10.7904 -8
1354500 -11.0265 -8
1354600 -11.2305 -8
1354700 -11.1143 -8
1354800 -10.8627 -8
1354900 -10.5226 -8
1355000 -10.4204 -8
1355100 -10.5914 -8
1355200 -10.8195 -8
1355300 -11.0206 -8
1355400 -11.3025 -8
1355500 -11.6145 -8
1355600 -11.4137 -8
1355700 -10.835 -8
1355800 -10.0309 -8
1355900 -9.34787 -8
1356000 -8.99198 -8
1356100 -9.03226 -8
1356200 -9.15318 -8
1356300 -9.10756 -8
1356400 -8.96704 -8
1356500 -8.83596 -8
1356600 -8.96128 -8
1356700 -9.58169 -8
1356800 -10.4324 -8
1356900 -11.0918 -8
1357000 -11.5591 -8
1357100 -11.5452 -8
1357200 -11.3774 -8
1357300 -11.2043 -8
1357400 -10.987 -8
1357500 -11.0747 -8
1357600 -10.9196 -8
1357700 -10.4751 -8
1357800 -10.4449 -8
1357900 -10.8931 -8
1358000 -11.3617 -8
1358100 -11.4108 -8
1358200 -10.9573 -8
1358300 -10.7717 -8
1358400 -10.7573 -8
1358500 -11.1885 -8
1358600 -11.4701 -8
1358700 -11.2023 -8
1358800 -10.8448 -8
1358900 -10.6596 -8
1359000 -10.7726 -8
1359100 -10.8486 -8
1359200 -10.8332 -8
1359300 -10.682 -8
1359400 -10.4461 -8
1359500 -10.7555 -8
1359600 -11.2059 -8
1359700 -11.5083 -8
1359800 -11.614 -8
1359900 -11.5501 -8
1360000 -11.0131 -8
1360100 -10.3288 -8
1360200 -10.1761 -8
1360300 -10.2036 -8
1360400 -10.7514 -8
1360500 -11.5417 -8
1360600 -11.8822 -8
1360700 -11.62 -8
1360800 -11.0279 -8
1360900 -10.6112 -8
1361000 -10.1842 -8
1361100 -10.3445 -8
1361200 -10.8415 -8
1361300 -11.2283 -8
1361400 -11.147 -8
1361500 -10.5885 -8
1361600 -10.2423 -8
1361700 -10.555 -8
1361800 -11.002 -8
1361900 -11.0127 -8
1362000 -10.7633 -8
1362100 -10.4635 -8
1362200 -10.3811 -8
1362300 -10.5903 -8
1362400 -10.8064 -8
1362500 -11.0965 -8
1362600 -11.1003 -8
1362700 -10.725 -8
1362800 -10.6221 -8
1362900 -10.7203 -8
1363000 -10.6718 -8
1363100 -10.763 -8
1363200 -10.7583 -8
1363300 -10.6853 -8
1363400 -10.7478 -8
1363500 -10.7332 -8
1363600 -10.766 -8
1363700 -10.9011 -8
1363800 -10.8556 -8
1363900 -10.7521 -8
1364000 -10.6439 -8
1364100 -10.4785 -8
1364200 -10.5724 -8
1364300 -10.6096 -8
1364400 -10.6446 -8
1364500 -10.8397 -8
1364600 -10.8696 -8
1364700 -10.7706 -8
1364800 -10.7953 -8
1364900 -10.8204 -8
1365000 -10.9343 -8
1365100 -10.8495 -8
1365200 -10.697 -8
1365300 -10.7125 -8
1365400 -10.7833 -8
1365500 -10.8041 -8
1365600 -10.8446 -8
1365700 -10.8851 -8
1365800 -10.9543 -8
1365900 -11.1282 -8
1366000 -10.9166 -8
1366100 -10.403 -8
1366200 -10.2284 -8
1366300 -10.4476 -8
1366400 -11.2257 -8
1366500 -11.8047 -8
1366600 -11.3957 -8
1366700 -10.753 -8
1366800 -10.4445 -8
1366900 -10.2841 -8
1367000 -10.4537 -8
1367100 -10.8314 -8
1367200 -10.8558 -8
1367300 -10.8156 -8
1367400 -10.8311 -8
1367500 -10.8179 -8
1367600 -10.6782 -8
1367700 -10.7575 -8
1367800 -11.0139 -8
1367900 -11.1192 -8
1368000 -11.0493 -8
1368100 -10.9965 -8
1368200 -11.2095 -8
1368300 -11.2492 -8
1368400 -11.3064 -8
1368500 -11.1568 -8
1368600 -11.0321 -8
1368700 -10.6759 -8
1368800 -10.2697 -8
1368900 -10.3199 -8
1369000 -10.7826 -8
1369100 -11.3361 -8
1369200 -11.4262 -8
1369300 -10.946 -8
1369400 -10.3959 -8
1369500 -10.5105 -8
1369600 -10.9464 -8
1369700 -11.3039 -8
1369800 -11.4904 -8
1369900 -11.6199 -8
1370000 -11.485 -8
