# Time-averaged data for fix myat1
# TimeStep v_xave v_xdes
950100 -12.9652 -12
950200 -12.5048 -12
950300 -12.0098 -12
950400 -11.8928 -12
950500 -12.1353 -12
950600 -12.411 -12
950700 -12.5572 -12
950800 -12.6172 -12
950900 -12.7224 -12
951000 -12.6781 -12
951100 -12.4846 -12
951200 -12.2051 -12
951300 -12.0728 -12
951400 -12.2669 -12
951500 -12.5376 -12
951600 -12.6616 -12
951700 -12.6582 -12
951800 -12.5916 -12
951900 -12.6379 -12
952000 -12.6041 -12
952100 -12.7033 -12
952200 -13.0389 -12
952300 -13.0246 -12
952400 -12.6587 -12
952500 -12.6056 -12
952600 -12.692 -12
952700 -13.1049 -12
952800 -13.5654 -12
952900 -13.8534 -12
953000 -13.7973 -12
953100 -13.2894 -12
953200 -12.9562 -12
953300 -12.5666 -12
953400 -12.1175 -12
953500 -11.7419 -12
953600 -11.8156 -12
953700 -12.2992 -12
953800 -12.763 -12
953900 -13.2819 -12
954000 -13.3833 -12
954100 -13.014 -12
954200 -12.5291 -12
954300 -12.2926 -12
954400 -12.0607 -12
954500 -11.9831 -12
954600 -12.089 -12
954700 -12.1019 -12
954800 -12.1832 -12
954900 -12.3092 -12
955000 -12.3108 -12
955100 -12.3414 -12
955200 -12.4497 -12
955300 -12.6547 -12
955400 -12.9606 -12
955500 -12.9261 -12
955600 -12.8531 -12
955700 -13.1568 -12
955800 -13.2591 -12
955900 -13.3029 -12
956000 -13.4202 -12
956100 -13.3165 -12
956200 -13.0865 -12
956300 -12.6272 -12
956400 -12.2332 -12
956500 -12.1833 -12
956600 -12.1471 -12
956700 -11.951 -12
956800 -12.1093 -12
956900 -12.4862 -12
957000 -12.4846 -12
957100 -12.3458 -12
957200 -12.0915 -12
957300 -12.1213 -12
957400 -12.4009 -12
957500 -12.8574 -12
957600 -13.3666 -12
957700 -13.5941 -12
957800 -13.4795 -12
957900 -13.258 -12
958000 -12.8976 -12
958100 -12.481 -12
958200 -12.1803 -12
958300 -12.1898 -12
958400 -12.379 -12
958500 -12.5753 -12
958600 -12.7748 -12
958700 -12.8627 -12
958800 -12.8902 -12
958900 -12.8449 -12
959000 -12.8988 -12
959100 -12.7952 -12
959200 -12.5896 -12
959300 -12.5516 -12
959400 -12.5976 -12
959500 -12.6589 -12
959600 -12.6901 -12
959700 -12.855 -12
959800 -13.0773 -12
959900 -13.2014 -12
960000 -13.1793 -12
960100 -13.279 -12
960200 -13.4155 -12
960300 -13.2098 -12
960400 -12.9885 -12
960500 -12.6891 -12
960600 -12.3648 -12
960700 -12.056 -12
960800 -11.8769 -12
960900 -11.81 -12
961000 -11.8169 -12
961100 -12.2362 -12
961200 -12.8518 -12
961300 -13.1597 -12
961400 -13.0342 -12
961500 -12.7568 -12
961600 -12.3337 -12
961700 -12.0556 -12
961800 -11.7886 -12
961900 -11.6407 -12
962000 -11.8105 -12
962100 -12.2531 -12
962200 -12.8826 -12
962300 -13.3827 -12
962400 -13.3112 -12
962500 -13.1612 -12
962600 -13.3357 -12
962700 -13.4337 -12
962800 -13.5498 -12
962900 -13.494 -12
963000 -13.0401 -12
963100 -12.7103 -12
963200 -12.532 -12
963300 -12.2734 -12
963400 -11.8925 -12
963500 -11.6984 -12
963600 -11.7766 -12
963700 -11.9839 -12
963800 -12.3317 -12
963900 -12.7059 -12
964000 -13.2069 -12
964100 -13.5664 -12
964200 -13.3018 -12
964300 -12.7639 -12
964400 -12.2588 -12
964500 -12.0765 -12
964600 -11.9038 -12
964700 -11.6429 -12
964800 -11.3068 -12
964900 -11.3158 -12
965000 -11.4785 -12
965100 -11.9463 -12
965200 -12.5067 -12
965300 -13.0478 -12
965400 -13.3161 -12
965500 -13.2493 -12
965600 -13.1083 -12
965700 -13.0015 -12
965800 -12.7996 -12
965900 -12.5123 -12
966000 -12.5541 -12
966100 -12.5222 -12
966200 -12.3747 -12
966300 -12.4367 -12
966400 -12.5145 -12
966500 -12.7556 -12
966600 -13.0489 -12
966700 -13.1047 -12
966800 -12.8879 -12
966900 -12.7059 -12
967000 -12.4465 -12
967100 -12.2319 -12
967200 -12.0677 -12
967300 -12.0061 -12
967400 -12.169 -12
967500 -12.5252 -12
967600 -12.5983 -12
967700 -12.3932 -12
967800 -12.1185 -12
967900 -12.2541 -12
968000 -12.296 -12
968100 -12.3623 -12
968200 -12.3071 -12
968300 -12.3551 -12
968400 -12.3208 -12
968500 -12.3034 -12
968600 -12.4751 -12
968700 -12.6906 -12
968800 -12.9206 -12
968900 -13.2727 -12
969000 -13.3892 -12
969100 -13.1548 -12
969200 -12.5422 -12
969300 -12.155 -12
969400 -12.289 -12
969500 -12.5653 -12
969600 -12.7254 -12
969700 -12.9412 -12
969800 -12.8879 -12
969900 -12.973 -12
970000 -12.7628 -12
970100 -12.3051 -12
970200 -11.943 -12
970300 -12.1251 -12
970400 -12.4949 -12
970500 -12.5848 -12
970600 -12.5208 -12
970700 -12.3106 -12
970800 -12.1477 -12
970900 -12.076 -12
971000 -12.0963 -12
971100 -12.3813 -12
971200 -12.6804 -12
971300 -12.9996 -12
971400 -13.138 -12
971500 -13.0265 -12
971600 -12.8978 -12
971700 -12.5742 -12
971800 -12.2675 -12
971900 -12.2131 -12
972000 -12.3822 -12
972100 -12.5219 -12
972200 -12.5008 -12
972300 -12.5064 -12
972400 -12.5851 -12
972500 -12.5616 -12
972600 -12.6478 -12
972700 -12.6163 -12
972800 -12.4523 -12
972900 -12.0036 -12
973000 -11.5234 -12
973100 -11.8443 -12
973200 -12.4521 -12
973300 -12.9595 -12
973400 -13.0121 -12
973500 -12.8352 -12
973600 -12.5881 -12
973700 -12.3598 -12
973800 -12.1724 -12
973900 -12.1657 -12
974000 -12.3832 -12
974100 -12.3716 -12
974200 -12.269 -12
974300 -12.1147 -12
974400 -12.084 -12
974500 -12.0196 -12
974600 -12.1161 -12
974700 -12.2231 -12
974800 -12.3822 -12
974900 -12.386 -12
975000 -12.3662 -12
975100 -12.4229 -12
975200 -12.5835 -12
975300 -12.7308 -12
975400 -12.7328 -12
975500 -12.4816 -12
975600 -12.0253 -12
975700 -11.9035 -12
975800 -11.9538 -12
975900 -11.9756 -12
976000 -12.0028 -12
976100 -12.1052 -12
976200 -12.2026 -12
976300 -12.1279 -12
976400 -12.1532 -12
976500 -12.321 -12
976600 -12.7244 -12
976700 -12.7924 -12
976800 -12.6425 -12
976900 -12.3828 -12
977000 -11.9739 -12
977100 -11.667 -12
977200 -11.6582 -12
977300 -11.8925 -12
977400 -12.2157 -12
977500 -12.4582 -12
977600 -12.5233 -12
977700 -12.2736 -12
977800 -12.0532 -12
977900 -11.7338 -12
978000 -11.5733 -12
978100 -11.6106 -12
978200 -11.7446 -12
978300 -11.7835 -12
978400 -11.9595 -12
978500 -12.2651 -12
978600 -12.7538 -12
978700 -13.0757 -12
978800 -13.2643 -12
978900 -13.0812 -12
979000 -12.6941 -12
979100 -12.4495 -12
979200 -12.5318 -12
979300 -12.7637 -12
979400 -13.0687 -12
979500 -13.2102 -12
979600 -13.1965 -12
979700 -13.3917 -12
979800 -13.44 -12
979900 -13.2587 -12
980000 -12.9174 -12
980100 -12.858 -12
980200 -12.9673 -12
980300 -13.1579 -12
980400 -13.1602 -12
980500 -13.0324 -12
980600 -12.7167 -12
980700 -12.1982 -12
980800 -11.686 -12
980900 -11.194 -12
981000 -10.9641 -12
981100 -11.3318 -12
981200 -11.8435 -12
981300 -12.1279 -12
981400 -12.3465 -12
981500 -12.4349 -12
981600 -12.1741 -12
981700 -11.7805 -12
981800 -11.5278 -12
981900 -11.7015 -12
982000 -11.9704 -12
982100 -11.9984 -12
982200 -12.0658 -12
982300 -12.3409 -12
982400 -12.7209 -12
982500 -13.0656 -12
982600 -13.2068 -12
982700 -12.9502 -12
982800 -12.6176 -12
982900 -12.2771 -12
983000 -12.227 -12
983100 -12.3644 -12
983200 -12.4032 -12
983300 -12.4278 -12
983400 -12.6262 -12
983500 -12.8296 -12
983600 -12.9045 -12
983700 -12.839 -12
983800 -12.7718 -12
983900 -12.5633 -12
984000 -12.3482 -12
984100 -12.1256 -12
984200 -11.7759 -12
984300 -11.6584 -12
984400 -11.9292 -12
984500 -12.4642 -12
984600 -12.702 -12
984700 -12.6336 -12
984800 -12.4157 -12
984900 -12.2065 -12
985000 -12.1588 -12
985100 -12.3594 -12
985200 -12.9619 -12
985300 -13.4284 -12
985400 -13.494 -12
985500 -13.0841 -12
985600 -12.2876 -12
985700 -11.8976 -12
985800 -11.9041 -12
985900 -11.7943 -12
986000 -11.3927 -12
986100 -11.3488 -12
986200 -11.6293 -12
986300 -12.095 -12
986400 -12.5494 -12
986500 -12.8175 -12
986600 -12.6732 -12
986700 -12.5131 -12
986800 -12.723 -12
986900 -13.0072 -12
987000 -13.2332 -12
987100 -13.3391 -12
987200 -13.3131 -12
987300 -13.2495 -12
987400 -13.1929 -12
987500 -13.2522 -12
987600 -13.2124 -12
987700 -13.0045 -12
987800 -12.6926 -12
987900 -12.5059 -12
988000 -12.2255 -12
988100 -12.0454 -12
988200 -11.8876 -12
988300 -11.8573 -12
988400 -12.0119 -12
988500 -12.0991 -12
988600 -12.4161 -12
988700 -12.4373 -12
988800 -12.4164 -12
988900 -12.7183 -12
989000 -13.0911 -12
989100 -13.0235 -12
989200 -12.6982 -12
989300 -12.6099 -12
989400 -12.5969 -12
989500 -12.6566 -12
989600 -12.8858 -12
989700 -12.8902 -12
989800 -12.8783 -12
989900 -12.7567 -12
990000 -12.5812 -12
990100 -12.3875 -12
990200 -12.2016 -12
990300 -12.1025 -12
990400 -12.2168 -12
990500 -12.3679 -12
990600 -12.4389 -12
990700 -12.4244 -12
990800 -12.6644 -12
990900 -13.1136 -12
991000 -13.3821 -12
991100 -13.5052 -12
991200 -13.3015 -12
991300 -13.2012 -12
991400 -13.2273 -12
991500 -13.0413 -12
991600 -13.0634 -12
991700 -13.0244 -12
991800 -12.8489 -12
991900 -12.9923 -12
992000 -13.035 -12
992100 -13.1895 -12
992200 -13.0161 -12
992300 -12.62 -12
992400 -12.2913 -12
992500 -12.455 -12
992600 -12.7458 -12
992700 -12.8667 -12
992800 -13.0844 -12
992900 -13.2172 -12
993000 -13.2774 -12
993100 -13.2499 -12
993200 -13.1556 -12
993300 -12.8981 -12
993400 -12.4837 -12
993500 -12.1479 -12
993600 -12.1343 -12
993700 -12.0714 -12
993800 -11.6592 -12
993900 -11.3793 -12
994000 -11.5442 -12
994100 -11.8285 -12
994200 -12.2907 -12
994300 -12.6372 -12
994400 -12.8701 -12
994500 -13.1874 -12
994600 -13.4241 -12
994700 -13.6394 -12
994800 -13.6636 -12
994900 -13.516 -12
995000 -13.304 -12
995100 -13.0159 -12
995200 -12.657 -12
995300 -12.3859 -12
995400 -12.3741 -12
995500 -12.4176 -12
995600 -12.6305 -12
995700 -12.7759 -12
995800 -12.9119 -12
995900 -12.9369 -12
996000 -13.0539 -12
996100 -13.2494 -12
996200 -13.3135 -12
996300 -13.568 -12
996400 -13.8116 -12
996500 -13.7273 -12
996600 -13.5358 -12
996700 -13.4949 -12
996800 -13.3963 -12
996900 -13.2091 -12
997000 -13.1092 -12
997100 -13.1774 -12
997200 -12.9373 -12
997300 -12.8705 -12
997400 -13.2657 -12
997500 -13.5213 -12
997600 -13.7812 -12
997700 -13.728 -12
997800 -12.9983 -12
997900 -12.3975 -12
998000 -12.4245 -12
998100 -12.5909 -12
998200 -12.7343 -12
998300 -12.6364 -12
998400 -12.3283 -12
998500 -12.2266 -12
998600 -12.2681 -12
998700 -12.5023 -12
998800 -12.5552 -12
998900 -12.5438 -12
999000 -12.6759 -12
999100 -13.039 -12
999200 -13.3636 -12
999300 -13.4965 -12
999400 -13.5049 -12
999500 -13.0739 -12
999600 -12.6913 -12
999700 -12.2204 -12
999800 -11.7775 -12
999900 -11.5968 -12
1000000 -11.6833 -12
1000100 -12.1531 -12
1000200 -12.7464 -12
1000300 -13.2634 -12
1000400 -13.4563 -12
1000500 -13.292 -12
1000600 -12.9482 -12
1000700 -12.5341 -12
1000800 -12.0881 -12
1000900 -12.01 -12
1001000 -12.0791 -12
1001100 -12.311 -12
1001200 -12.7803 -12
1001300 -12.9807 -12
1001400 -13.0925 -12
1001500 -12.8621 -12
1001600 -12.5829 -12
1001700 -12.4381 -12
1001800 -12.5034 -12
1001900 -12.5289 -12
1002000 -12.3554 -12
1002100 -12.1729 -12
1002200 -12.1056 -12
1002300 -12.351 -12
1002400 -12.7217 -12
1002500 -12.808 -12
1002600 -12.7199 -12
1002700 -12.5825 -12
1002800 -12.4519 -12
1002900 -12.6118 -12
1003000 -12.7783 -12
1003100 -13.188 -12
1003200 -13.529 -12
1003300 -13.6238 -12
1003400 -13.7598 -12
1003500 -13.581 -12
1003600 -13.13 -12
1003700 -12.5606 -12
1003800 -11.8907 -12
1003900 -11.2024 -12
1004000 -11.1049 -12
1004100 -11.5655 -12
1004200 -12.3062 -12
1004300 -13.03 -12
1004400 -13.5585 -12
1004500 -13.7813 -12
1004600 -13.7258 -12
1004700 -13.6542 -12
1004800 -13.7158 -12
1004900 -13.6223 -12
1005000 -13.4559 -12
1005100 -13.1989 -12
1005200 -12.9839 -12
1005300 -12.7414 -12
1005400 -12.4753 -12
1005500 -12.3324 -12
1005600 -12.3179 -12
1005700 -12.2651 -12
1005800 -12.2672 -12
1005900 -12.1125 -12
1006000 -11.9078 -12
1006100 -11.9026 -12
1006200 -12.2601 -12
1006300 -12.6345 -12
1006400 -13.0399 -12
1006500 -13.2904 -12
1006600 -13.2689 -12
1006700 -13.0993 -12
1006800 -12.9974 -12
1006900 -12.692 -12
1007000 -11.957 -12
1007100 -11.6629 -12
1007200 -11.8771 -12
1007300 -12.0271 -12
1007400 -11.8332 -12
1007500 -11.7401 -12
1007600 -12.027 -12
1007700 -12.3452 -12
1007800 -12.444 -12
1007900 -12.4945 -12
1008000 -12.5099 -12
1008100 -12.6274 -12
1008200 -12.5516 -12
1008300 -12.3455 -12
1008400 -11.9978 -12
1008500 -11.7692 -12
1008600 -11.7699 -12
1008700 -11.9085 -12
1008800 -12.0193 -12
1008900 -12.2414 -12
1009000 -12.3722 -12
1009100 -12.5754 -12
1009200 -12.8403 -12
1009300 -13.0524 -12
1009400 -13.2565 -12
1009500 -13.4192 -12
1009600 -13.3846 -12
1009700 -13.1844 -12
1009800 -12.9817 -12
1009900 -12.6459 -12
1010000 -12.0571 -12
1010100 -11.4766 -12
1010200 -11.2471 -12
1010300 -11.3267 -12
1010400 -11.6384 -12
1010500 -11.7114 -12
1010600 -11.7432 -12
1010700 -11.9228 -12
1010800 -12.3462 -12
1010900 -12.9415 -12
1011000 -13.2674 -12
1011100 -13.4431 -12
1011200 -13.6498 -12
1011300 -13.5688 -12
1011400 -13.0564 -12
1011500 -12.6822 -12
1011600 -12.4673 -12
1011700 -12.3672 -12
1011800 -12.1867 -12
1011900 -12.1059 -12
1012000 -12.0494 -12
1012100 -12.0417 -12
1012200 -12.1855 -12
1012300 -12.5448 -12
1012400 -12.8084 -12
1012500 -12.9569 -12
1012600 -12.7262 -12
1012700 -12.3276 -12
1012800 -12.1381 -12
1012900 -12.3853 -12
1013000 -12.7372 -12
1013100 -12.9281 -12
1013200 -12.885 -12
1013300 -12.6148 -12
1013400 -12.4493 -12
1013500 -12.3377 -12
1013600 -12.3278 -12
1013700 -12.5873 -12
1013800 -12.8891 -12
1013900 -12.9699 -12
1014000 -13.0155 -12
1014100 -12.825 -12
1014200 -12.6326 -12
1014300 -12.4505 -12
1014400 -12.3259 -12
1014500 -12.3196 -12
1014600 -12.6047 -12
1014700 -13.0124 -12
1014800 -13.3474 -12
1014900 -13.6042 -12
1015000 -13.4226 -12
1015100 -12.9008 -12
1015200 -12.4428 -12
1015300 -12.1378 -12
1015400 -12.1069 -12
1015500 -11.9739 -12
1015600 -11.7965 -12
1015700 -12.0499 -12
1015800 -12.5394 -12
1015900 -13.1376 -12
1016000 -13.5694 -12
1016100 -13.7362 -12
1016200 -13.6087 -12
1016300 -13.4347 -12
1016400 -13.2164 -12
1016500 -12.6194 -12
1016600 -11.8709 -12
1016700 -11.1384 -12
1016800 -10.8982 -12
1016900 -11.293 -12
1017000 -11.9095 -12
1017100 -12.3016 -12
1017200 -12.4455 -12
1017300 -12.2684 -12
1017400 -12.09 -12
1017500 -12.029 -12
1017600 -12.2187 -12
1017700 -12.3929 -12
1017800 -12.6664 -12
1017900 -13.1099 -12
1018000 -13.6246 -12
1018100 -14.0547 -12
1018200 -14.2776 -12
1018300 -14.005 -12
1018400 -13.4756 -12
1018500 -12.8395 -12
1018600 -12.4582 -12
1018700 -12.3734 -12
1018800 -12.3093 -12
1018900 -12.0837 -12
1019000 -11.7106 -12
1019100 -11.5054 -12
1019200 -11.4295 -12
1019300 -11.9336 -12
1019400 -12.8512 -12
1019500 -13.4465 -12
1019600 -13.9332 -12
1019700 -14.1386 -12
1019800 -14.0377 -12
1019900 -13.962 -12
1020000 -13.7454 -12
1020100 -13.3249 -12
1020200 -12.8839 -12
1020300 -12.2528 -12
1020400 -11.8279 -12
1020500 -11.9353 -12
1020600 -12.5015 -12
1020700 -12.8345 -12
1020800 -13.045 -12
1020900 -12.9884 -12
1021000 -12.7787 -12
1021100 -12.7047 -12
1021200 -12.5107 -12
1021300 -12.179 -12
1021400 -11.9394 -12
1021500 -11.8837 -12
1021600 -11.936 -12
1021700 -12.0273 -12
1021800 -12.186 -12
1021900 -12.2543 -12
1022000 -12.3352 -12
1022100 -12.4525 -12
1022200 -12.4082 -12
1022300 -11.8756 -12
1022400 -11.7408 -12
1022500 -12.1338 -12
1022600 -12.5656 -12
1022700 -13.0882 -12
1022800 -13.3956 -12
1022900 -13.28 -12
1023000 -13.16 -12
1023100 -13.0714 -12
1023200 -13.0843 -12
1023300 -12.9745 -12
1023400 -12.5076 -12
1023500 -12.2968 -12
1023600 -12.1839 -12
1023700 -12.0143 -12
1023800 -12.0142 -12
1023900 -12.3731 -12
1024000 -12.9894 -12
1024100 -13.7129 -12
1024200 -14.3358 -12
1024300 -14.4327 -12
1024400 -14.1209 -12
1024500 -13.5339 -12
1024600 -12.8729 -12
1024700 -12.1921 -12
1024800 -11.8146 -12
1024900 -11.6956 -12
1025000 -11.6409 -12
1025100 -11.8254 -12
1025200 -12.2291 -12
1025300 -12.7532 -12
1025400 -13.129 -12
1025500 -13.3676 -12
1025600 -13.5099 -12
1025700 -13.4556 -12
1025800 -13.2519 -12
1025900 -12.7032 -12
1026000 -12.2249 -12
1026100 -11.9855 -12
1026200 -11.8197 -12
1026300 -11.9786 -12
1026400 -12.1577 -12
1026500 -12.2567 -12
1026600 -12.3482 -12
1026700 -12.2523 -12
1026800 -12.0806 -12
1026900 -11.8331 -12
1027000 -11.5701 -12
1027100 -11.5167 -12
1027200 -11.4852 -12
1027300 -11.8358 -12
1027400 -12.5175 -12
1027500 -13.0404 -12
1027600 -13.0797 -12
1027700 -12.8165 -12
1027800 -12.4396 -12
1027900 -12.1609 -12
1028000 -12.3264 -12
1028100 -12.3935 -12
1028200 -12.4882 -12
1028300 -12.5812 -12
1028400 -12.7991 -12
1028500 -13.065 -12
1028600 -13.2338 -12
1028700 -13.2479 -12
1028800 -13.1419 -12
1028900 -13.1338 -12
1029000 -13.3796 -12
1029100 -13.7641 -12
1029200 -13.7437 -12
1029300 -13.069 -12
1029400 -12.5967 -12
1029500 -12.0914 -12
1029600 -11.6842 -12
1029700 -11.3352 -12
1029800 -11.3105 -12
1029900 -11.6254 -12
1030000 -11.9672 -12
1030100 -12.1439 -12
1030200 -12.1072 -12
1030300 -12.2705 -12
1030400 -12.3303 -12
1030500 -12.5515 -12
1030600 -12.638 -12
1030700 -12.6019 -12
1030800 -12.7741 -12
1030900 -12.7277 -12
1031000 -12.3669 -12
1031100 -12.1433 -12
1031200 -12.1831 -12
1031300 -12.2011 -12
1031400 -12.1662 -12
1031500 -12.3245 -12
1031600 -12.4441 -12
1031700 -12.3504 -12
1031800 -12.3682 -12
1031900 -12.6971 -12
1032000 -13.3099 -12
1032100 -13.8051 -12
1032200 -14.13 -12
1032300 -14.0447 -12
1032400 -13.2777 -12
1032500 -12.5003 -12
1032600 -12.0576 -12
1032700 -12.0513 -12
1032800 -12.2421 -12
1032900 -12.3942 -12
1033000 -12.6162 -12
1033100 -12.9091 -12
1033200 -13.2936 -12
1033300 -13.6126 -12
1033400 -13.498 -12
1033500 -13.2381 -12
1033600 -12.9954 -12
1033700 -12.7497 -12
1033800 -12.3585 -12
1033900 -11.9879 -12
1034000 -12.001 -12
1034100 -11.9967 -12
1034200 -12.0028 -12
1034300 -12.2299 -12
1034400 -12.3055 -12
1034500 -12.2287 -12
1034600 -12.1918 -12
1034700 -12.5084 -12
1034800 -13.2239 -12
1034900 -13.9927 -12
1035000 -14.5245 -12
1035100 -14.4514 -12
1035200 -14.0283 -12
1035300 -13.4974 -12
1035400 -12.9433 -12
1035500 -12.4153 -12
1035600 -12.0371 -12
1035700 -11.764 -12
1035800 -11.7535 -12
1035900 -11.8117 -12
1036000 -11.8661 -12
1036100 -12.2464 -12
1036200 -12.6489 -12
1036300 -13.0171 -12
1036400 -13.1402 -12
1036500 -12.9201 -12
1036600 -12.4987 -12
1036700 -12.0929 -12
1036800 -12.0307 -12
1036900 -12.3049 -12
1037000 -12.5703 -12
1037100 -12.7349 -12
1037200 -12.9801 -12
1037300 -13.3392 -12
1037400 -13.4724 -12
1037500 -13.6186 -12
1037600 -13.9063 -12
1037700 -14.0145 -12
1037800 -13.9828 -12
1037900 -13.7991 -12
1038000 -13.4528 -12
1038100 -12.94 -12
1038200 -12.6636 -12
1038300 -12.586 -12
1038400 -12.6603 -12
1038500 -12.9449 -12
1038600 -12.8386 -12
1038700 -12.2484 -12
1038800 -12.0496 -12
1038900 -11.959 -12
1039000 -12.1621 -12
1039100 -12.2733 -12
1039200 -12.5516 -12
1039300 -12.7547 -12
1039400 -12.7603 -12
1039500 -12.7674 -12
1039600 -12.8423 -12
1039700 -12.7738 -12
1039800 -12.5387 -12
1039900 -12.5049 -12
1040000 -12.7023 -12
1040100 -12.6473 -12
1040200 -12.4915 -12
1040300 -12.6738 -12
1040400 -12.7826 -12
1040500 -12.7513 -12
1040600 -12.7204 -12
1040700 -13.0361 -12
1040800 -13.0343 -12
1040900 -12.7434 -12
1041000 -12.2524 -12
1041100 -11.8883 -12
1041200 -11.8625 -12
1041300 -11.8342 -12
1041400 -11.671 -12
1041500 -11.6474 -12
1041600 -11.989 -12
1041700 -12.4852 -12
1041800 -13.079 -12
1041900 -13.2398 -12
1042000 -12.906 -12
1042100 -12.4245 -12
1042200 -12.4491 -12
1042300 -12.7208 -12
1042400 -13.0217 -12
1042500 -13.1676 -12
1042600 -13.2424 -12
1042700 -12.9428 -12
1042800 -12.5009 -12
1042900 -12.3089 -12
1043000 -12.3738 -12
1043100 -12.7453 -12
1043200 -12.8119 -12
1043300 -12.5022 -12
1043400 -12.2989 -12
1043500 -12.2607 -12
1043600 -12.6177 -12
1043700 -13.1379 -12
1043800 -13.3915 -12
1043900 -13.2582 -12
1044000 -13.2986 -12
1044100 -13.48 -12
1044200 -13.5769 -12
1044300 -13.4031 -12
1044400 -13.3303 -12
1044500 -13.749 -12
1044600 -14.1637 -12
1044700 -14.0214 -12
1044800 -13.5575 -12
1044900 -13.0361 -12
1045000 -12.4549 -12
1045100 -11.9719 -12
1045200 -11.851 -12
1045300 -12.0642 -12
1045400 -12.2371 -12
1045500 -12.3727 -12
1045600 -12.4517 -12
1045700 -12.3709 -12
1045800 -12.2537 -12
1045900 -12.3821 -12
1046000 -12.629 -12
1046100 -12.5685 -12
1046200 -12.4314 -12
1046300 -12.2951 -12
1046400 -12.2496 -12
1046500 -12.3331 -12
1046600 -12.7433 -12
1046700 -13.0399 -12
1046800 -13.1025 -12
1046900 -12.9866 -12
1047000 -12.9447 -12
1047100 -12.784 -12
1047200 -12.6836 -12
1047300 -12.578 -12
1047400 -12.479 -12
1047500 -12.3495 -12
1047600 -12.4292 -12
1047700 -12.6648 -12
1047800 -12.8913 -12
1047900 -13.4272 -12
1048000 -13.8299 -12
1048100 -13.8867 -12
1048200 -13.6784 -12
1048300 -13.6234 -12
1048400 -13.4598 -12
1048500 -13.0718 -12
1048600 -12.5596 -12
1048700 -12.0306 -12
1048800 -11.7671 -12
1048900 -11.7528 -12
1049000 -11.8164 -12
1049100 -12.0314 -12
1049200 -12.2518 -12
1049300 -12.2767 -12
1049400 -12.3617 -12
1049500 -12.3914 -12
1049600 -12.336 -12
1049700 -12.3032 -12
1049800 -12.4313 -12
1049900 -12.702 -12
1050000 -12.9798 -12
1050100 -13.1158 -12
1050200 -13.3628 -12
1050300 -13.3379 -12
1050400 -13.151 -12
1050500 -13.0564 -12
1050600 -12.8948 -12
1050700 -12.7394 -12
1050800 -12.9339 -12
1050900 -13.2361 -12
1051000 -13.5156 -12
1051100 -13.9052 -12
1051200 -14.1404 -12
1051300 -13.8296 -12
1051400 -13.3597 -12
1051500 -12.8673 -12
1051600 -12.6078 -12
1051700 -12.4574 -12
1051800 -12.1694 -12
1051900 -11.839 -12
1052000 -11.5487 -12
1052100 -11.5853 -12
1052200 -11.7936 -12
1052300 -12.239 -12
1052400 -12.5216 -12
1052500 -12.4947 -12
1052600 -12.4321 -12
1052700 -12.514 -12
1052800 -12.5497 -12
1052900 -12.6909 -12
1053000 -12.956 -12
1053100 -13.3468 -12
1053200 -13.559 -12
1053300 -13.3889 -12
1053400 -13.1694 -12
1053500 -13.0661 -12
1053600 -12.995 -12
1053700 -12.8251 -12
1053800 -12.3263 -12
1053900 -11.9979 -12
1054000 -11.9817 -12
1054100 -11.9215 -12
1054200 -12.1675 -12
1054300 -12.4001 -12
1054400 -12.4783 -12
1054500 -12.4549 -12
1054600 -12.4733 -12
1054700 -12.609 -12
1054800 -12.7329 -12
1054900 -12.4798 -12
1055000 -12.3149 -12
1055100 -12.3407 -12
1055200 -12.2356 -12
1055300 -12.2571 -12
1055400 -12.1755 -12
1055500 -12.0487 -12
1055600 -11.6487 -12
1055700 -11.5432 -12
1055800 -11.7161 -12
1055900 -12.1062 -12
1056000 -12.5141 -12
1056100 -12.9277 -12
1056200 -13.2624 -12
1056300 -13.2114 -12
1056400 -12.8858 -12
1056500 -12.6547 -12
1056600 -12.3806 -12
1056700 -12.1053 -12
1056800 -12.0138 -12
1056900 -12.2982 -12
1057000 -12.3973 -12
1057100 -12.3373 -12
1057200 -12.2328 -12
1057300 -12.4119 -12
1057400 -12.482 -12
1057500 -12.6598 -12
1057600 -12.8335 -12
1057700 -13.2024 -12
1057800 -13.4653 -12
1057900 -13.4707 -12
1058000 -13.4927 -12
1058100 -13.356 -12
1058200 -13.1056 -12
1058300 -12.8357 -12
1058400 -12.6615 -12
1058500 -12.4996 -12
1058600 -12.4062 -12
1058700 -12.5749 -12
1058800 -12.6912 -12
1058900 -12.897 -12
1059000 -12.9708 -12
1059100 -12.8254 -12
1059200 -12.5134 -12
1059300 -11.9835 -12
1059400 -11.5904 -12
1059500 -11.5359 -12
1059600 -11.9465 -12
1059700 -12.3987 -12
1059800 -12.7888 -12
1059900 -13.1932 -12
1060000 -13.4684 -12
1060100 -13.5684 -12
1060200 -13.4697 -12
1060300 -13.333 -12
1060400 -13.1002 -12
1060500 -12.9948 -12
1060600 -12.6696 -12
1060700 -12.1416 -12
1060800 -11.9739 -12
1060900 -11.9695 -12
1061000 -11.9973 -12
1061100 -12.1112 -12
1061200 -12.1948 -12
1061300 -12.2995 -12
1061400 -12.465 -12
1061500 -12.4603 -12
1061600 -12.3863 -12
1061700 -12.3196 -12
1061800 -12.2099 -12
1061900 -12.1935 -12
1062000 -12.5062 -12
1062100 -12.6059 -12
1062200 -12.4377 -12
1062300 -12.1403 -12
1062400 -12.2319 -12
1062500 -12.5333 -12
1062600 -12.8341 -12
1062700 -13.013 -12
1062800 -13.0137 -12
1062900 -12.8906 -12
1063000 -12.9014 -12
1063100 -12.7168 -12
1063200 -12.5924 -12
1063300 -12.886 -12
1063400 -13.1225 -12
1063500 -13.1657 -12
1063600 -13.2443 -12
1063700 -13.2845 -12
1063800 -13.1833 -12
1063900 -12.9638 -12
1064000 -12.8612 -12
1064100 -13.0448 -12
1064200 -13.4708 -12
1064300 -13.4777 -12
1064400 -13.0756 -12
1064500 -12.5951 -12
1064600 -12.0106 -12
1064700 -11.6726 -12
1064800 -11.5427 -12
1064900 -11.6655 -12
1065000 -12.27 -12
1065100 -12.9574 -12
1065200 -13.4792 -12
1065300 -13.513 -12
1065400 -13.2072 -12
1065500 -12.9311 -12
1065600 -12.6378 -12
1065700 -12.4802 -12
1065800 -12.4663 -12
1065900 -12.4063 -12
1066000 -12.5236 -12
1066100 -12.9998 -12
1066200 -13.4956 -12
1066300 -13.807 -12
1066400 -13.9532 -12
1066500 -14.015 -12
1066600 -14.0012 -12
1066700 -13.7425 -12
1066800 -13.0943 -12
1066900 -12.4726 -12
1067000 -12.0696 -12
1067100 -12.0409 -12
1067200 -12.3929 -12
1067300 -12.9015 -12
1067400 -13.0771 -12
1067500 -12.9249 -12
1067600 -12.7689 -12
1067700 -12.5277 -12
1067800 -12.423 -12
1067900 -12.4744 -12
1068000 -12.4108 -12
1068100 -12.5869 -12
1068200 -12.7886 -12
1068300 -12.7163 -12
1068400 -12.495 -12
1068500 -12.3591 -12
1068600 -12.4359 -12
1068700 -12.633 -12
1068800 -13.0023 -12
1068900 -13.3315 -12
1069000 -13.095 -12
1069100 -12.4445 -12
1069200 -11.8659 -12
1069300 -11.7044 -12
1069400 -11.8933 -12
1069500 -12.5467 -12
1069600 -13.092 -12
1069700 -13.0869 -12
1069800 -12.8431 -12
1069900 -12.9056 -12
1070000 -13.1365 -12
1070100 -13.0702 -12
1070200 -13.0796 -12
1070300 -13.2002 -12
1070400 -13.3072 -12
1070500 -13.4755 -12
1070600 -13.3535 -12
1070700 -12.9654 -12
1070800 -13.0712 -12
1070900 -13.3739 -12
1071000 -13.3089 -12
1071100 -12.9261 -12
1071200 -12.5073 -12
1071300 -12.1763 -12
1071400 -12.1032 -12
1071500 -12.0704 -12
1071600 -12.0096 -12
1071700 -12.2488 -12
1071800 -12.6108 -12
1071900 -12.823 -12
1072000 -12.9789 -12
1072100 -13.0505 -12
1072200 -12.9499 -12
1072300 -12.7485 -12
1072400 -12.5634 -12
1072500 -12.5634 -12
1072600 -12.8882 -12
1072700 -13.0905 -12
1072800 -12.9381 -12
1072900 -12.9105 -12
1073000 -12.8788 -12
1073100 -12.8723 -12
1073200 -13.0534 -12
1073300 -13.24 -12
1073400 -13.0511 -12
1073500 -12.7856 -12
1073600 -12.7161 -12
1073700 -12.8033 -12
1073800 -12.8161 -12
1073900 -12.6458 -12
1074000 -12.2986 -12
1074100 -11.7703 -12
1074200 -11.2928 -12
1074300 -11.4569 -12
1074400 -11.8262 -12
1074500 -12.2458 -12
1074600 -12.6611 -12
1074700 -12.9004 -12
1074800 -12.8947 -12
1074900 -12.5957 -12
1075000 -12.2241 -12
1075100 -11.9673 -12
1075200 -12.0729 -12
1075300 -12.219 -12
1075400 -12.6428 -12
1075500 -13.0651 -12
1075600 -13.0058 -12
1075700 -12.6592 -12
1075800 -12.1276 -12
1075900 -11.8943 -12
1076000 -12.2166 -12
1076100 -12.9092 -12
1076200 -13.2143 -12
1076300 -13.3429 -12
1076400 -13.4026 -12
1076500 -13.0653 -12
1076600 -12.8072 -12
1076700 -12.8118 -12
1076800 -12.8237 -12
1076900 -12.9653 -12
1077000 -13.0472 -12
1077100 -13.1306 -12
1077200 -13.4211 -12
1077300 -13.6363 -12
1077400 -13.8086 -12
1077500 -13.7 -12
1077600 -13.5603 -12
1077700 -13.2631 -12
1077800 -12.9914 -12
1077900 -13.0483 -12
1078000 -13.076 -12
1078100 -12.8252 -12
1078200 -12.6078 -12
1078300 -12.4889 -12
1078400 -12.2025 -12
1078500 -11.8516 -12
1078600 -11.5655 -12
1078700 -11.7897 -12
1078800 -12.3754 -12
1078900 -12.7272 -12
1079000 -13.0272 -12
1079100 -13.0908 -12
1079200 -12.7646 -12
1079300 -12.0239 -12
1079400 -11.5263 -12
1079500 -11.5564 -12
1079600 -12.1527 -12
1079700 -12.5492 -12
1079800 -12.4478 -12
1079900 -12.4606 -12
1080000 -12.583 -12
1080100 -12.858 -12
1080200 -13.1064 -12
1080300 -12.9981 -12
1080400 -12.7035 -12
1080500 -12.4335 -12
1080600 -12.0754 -12
1080700 -11.7133 -12
1080800 -11.8104 -12
1080900 -12.2819 -12
1081000 -12.925 -12
1081100 -13.3529 -12
1081200 -13.2883 -12
1081300 -12.8371 -12
1081400 -12.0825 -12
1081500 -11.5762 -12
1081600 -11.6544 -12
1081700 -11.8199 -12
1081800 -12.0118 -12
1081900 -12.1213 -12
1082000 -11.9603 -12
1082100 -11.8244 -12
1082200 -11.7751 -12
1082300 -12.0789 -12
1082400 -12.5604 -12
1082500 -13.0884 -12
1082600 -13.2698 -12
1082700 -12.8843 -12
1082800 -12.2229 -12
1082900 -11.7764 -12
1083000 -11.523 -12
1083100 -11.6817 -12
1083200 -12.0081 -12
1083300 -12.3649 -12
1083400 -12.706 -12
1083500 -12.9439 -12
1083600 -13.0215 -12
1083700 -13.1352 -12
1083800 -13.1873 -12
1083900 -13.0561 -12
1084000 -12.6721 -12
1084100 -12.475 -12
1084200 -12.4925 -12
1084300 -12.5754 -12
1084400 -12.6679 -12
1084500 -12.7129 -12
1084600 -12.4731 -12
1084700 -12.3341 -12
1084800 -12.4646 -12
1084900 -12.5166 -12
1085000 -12.5362 -12
1085100 -12.5279 -12
1085200 -12.4264 -12
1085300 -12.5081 -12
1085400 -12.6668 -12
1085500 -12.6868 -12
1085600 -12.8256 -12
1085700 -12.9458 -12
1085800 -13.0199 -12
1085900 -13.0607 -12
1086000 -13.2053 -12
1086100 -13.1492 -12
1086200 -12.6384 -12
1086300 -12.2421 -12
1086400 -12.3092 -12
1086500 -12.5524 -12
1086600 -12.6553 -12
1086700 -12.7451 -12
1086800 -12.7982 -12
1086900 -12.5688 -12
1087000 -12.4599 -12
1087100 -12.4733 -12
1087200 -12.2756 -12
1087300 -12.0683 -12
1087400 -12.1722 -12
1087500 -12.559 -12
1087600 -12.5202 -12
1087700 -12.3425 -12
1087800 -12.1715 -12
1087900 -11.9715 -12
1088000 -11.7467 -12
1088100 -11.7654 -12
1088200 -12.0491 -12
1088300 -12.3659 -12
1088400 -12.5812 -12
1088500 -12.756 -12
1088600 -12.8912 -12
1088700 -12.8717 -12
1088800 -12.7639 -12
1088900 -12.5046 -12
1089000 -12.0991 -12
1089100 -11.8921 -12
1089200 -11.8552 -12
1089300 -12.3406 -12
1089400 -12.9839 -12
1089500 -13.6565 -12
1089600 -14.1832 -12
1089700 -14.0905 -12
1089800 -13.6013 -12
1089900 -13.1096 -12
1090000 -12.5675 -12
1090100 -12.0039 -12
1090200 -11.7434 -12
1090300 -12.0938 -12
1090400 -12.6426 -12
1090500 -13.3069 -12
1090600 -13.7023 -12
1090700 -13.8134 -12
1090800 -13.666 -12
1090900 -13.4121 -12
1091000 -13.0258 -12
1091100 -12.5454 -12
1091200 -12.1589 -12
1091300 -11.8369 -12
1091400 -11.936 -12
1091500 -12.4066 -12
1091600 -12.783 -12
1091700 -12.8953 -12
1091800 -12.8437 -12
1091900 -12.7298 -12
1092000 -12.4936 -12
1092100 -12.3297 -12
1092200 -12.334 -12
1092300 -12.421 -12
1092400 -12.6571 -12
1092500 -12.949 -12
1092600 -13.1537 -12
1092700 -13.356 -12
1092800 -13.2747 -12
1092900 -12.9657 -12
1093000 -12.6831 -12
1093100 -12.5578 -12
1093200 -12.5575 -12
1093300 -12.6899 -12
1093400 -12.5637 -12
1093500 -12.3019 -12
1093600 -12.0902 -12
1093700 -11.8885 -12
1093800 -12.1104 -12
1093900 -12.5931 -12
1094000 -12.955 -12
1094100 -13.3164 -12
1094200 -13.5073 -12
1094300 -13.3368 -12
1094400 -13.0634 -12
1094500 -12.9627 -12
1094600 -12.9674 -12
1094700 -12.6592 -12
1094800 -12.5175 -12
1094900 -12.4297 -12
1095000 -12.2715 -12
1095100 -12.1664 -12
1095200 -12.1699 -12
1095300 -12.4164 -12
1095400 -12.852 -12
1095500 -13.3796 -12
1095600 -13.8956 -12
1095700 -14.0909 -12
1095800 -14.1735 -12
1095900 -13.8938 -12
1096000 -13.3182 -12
1096100 -12.4812 -12
1096200 -11.7785 -12
1096300 -11.3487 -12
1096400 -11.3028 -12
1096500 -11.7747 -12
1096600 -12.3462 -12
1096700 -12.8729 -12
1096800 -13.4458 -12
1096900 -13.8729 -12
1097000 -13.9376 -12
1097100 -13.5713 -12
1097200 -13.0424 -12
1097300 -12.566 -12
1097400 -12.1777 -12
1097500 -11.9732 -12
1097600 -12.1523 -12
1097700 -12.5193 -12
1097800 -12.7993 -12
1097900 -13.0148 -12
1098000 -13.456 -12
1098100 -13.9327 -12
1098200 -14.0443 -12
1098300 -13.8324 -12
1098400 -13.4221 -12
1098500 -13.2076 -12
1098600 -13.212 -12
1098700 -13.3798 -12
1098800 -13.3436 -12
1098900 -13.016 -12
1099000 -12.7325 -12
1099100 -12.4039 -12
1099200 -12.061 -12
1099300 -12.0982 -12
1099400 -12.3566 -12
1099500 -12.8376 -12
1099600 -13.1392 -12
1099700 -13.3244 -12
1099800 -13.3102 -12
1099900 -13.1935 -12
1100000 -13.0069 -12
1100100 -13.0666 -12
1100200 -13.256 -12
1100300 -12.8548 -12
1100400 -12.3757 -12
1100500 -12.1535 -12
1100600 -12.2161 -12
1100700 -12.4387 -12
1100800 -12.7115 -12
1100900 -13.1324 -12
1101000 -13.2101 -12
1101100 -13.2157 -12
1101200 -13.0113 -12
1101300 -12.5001 -12
1101400 -12.23 -12
1101500 -12.3494 -12
1101600 -12.48 -12
1101700 -12.5952 -12
1101800 -12.5817 -12
1101900 -12.5053 -12
1102000 -12.5995 -12
1102100 -12.584 -12
1102200 -12.5936 -12
1102300 -13.0052 -12
1102400 -13.1825 -12
1102500 -13.4373 -12
1102600 -13.6858 -12
1102700 -13.4973 -12
1102800 -13.363 -12
1102900 -13.3306 -12
1103000 -13.0072 -12
1103100 -12.8068 -12
1103200 -12.5853 -12
1103300 -12.3834 -12
1103400 -12.0948 -12
1103500 -11.9607 -12
1103600 -12.1166 -12
1103700 -12.5744 -12
1103800 -12.9358 -12
1103900 -13.4174 -12
1104000 -13.816 -12
1104100 -13.7935 -12
1104200 -13.5852 -12
1104300 -13.2885 -12
1104400 -12.8975 -12
1104500 -12.5054 -12
1104600 -12.3064 -12
1104700 -12.3159 -12
1104800 -12.3087 -12
1104900 -12.093 -12
1105000 -11.9696 -12
1105100 -11.8131 -12
1105200 -11.6628 -12
1105300 -11.5581 -12
1105400 -11.4944 -12
1105500 -11.8123 -12
1105600 -12.6715 -12
1105700 -13.4345 -12
1105800 -13.8978 -12
1105900 -13.8877 -12
1106000 -13.4083 -12
1106100 -12.6494 -12
1106200 -12.3329 -12
1106300 -12.6066 -12
1106400 -12.7836 -12
1106500 -12.9379 -12
1106600 -13.0716 -12
1106700 -13.217 -12
1106800 -13.1106 -12
1106900 -12.9258 -12
1107000 -12.6387 -12
1107100 -12.3216 -12
1107200 -12.0399 -12
1107300 -12.0602 -12
1107400 -12.1923 -12
1107500 -12.2428 -12
1107600 -12.3258 -12
1107700 -12.3723 -12
1107800 -12.4126 -12
1107900 -12.4963 -12
1108000 -12.5667 -12
1108100 -12.6633 -12
1108200 -12.9043 -12
1108300 -13.0438 -12
1108400 -13.0431 -12
1108500 -12.5243 -12
1108600 -11.8503 -12
1108700 -11.6289 -12
1108800 -11.6281 -12
1108900 -11.8509 -12
1109000 -12.2636 -12
1109100 -12.6025 -12
1109200 -12.5357 -12
1109300 -12.3282 -12
1109400 -12.0258 -12
1109500 -11.6264 -12
1109600 -11.5941 -12
1109700 -11.886 -12
1109800 -12.208 -12
1109900 -12.4673 -12
1110000 -12.8369 -12
1110100 -13.2001 -12
1110200 -13.5345 -12
1110300 -13.5268 -12
1110400 -13.1048 -12
1110500 -12.8179 -12
1110600 -12.4353 -12
1110700 -12.2622 -12
1110800 -12.1918 -12
1110900 -12.3542 -12
1111000 -12.7649 -12
1111100 -13.2331 -12
1111200 -13.5947 -12
1111300 -13.4768 -12
1111400 -13.0204 -12
1111500 -12.5517 -12
1111600 -12.3229 -12
1111700 -12.1031 -12
1111800 -12.0844 -12
1111900 -12.1501 -12
1112000 -12.2817 -12
1112100 -12.2963 -12
1112200 -12.1143 -12
1112300 -12.1171 -12
1112400 -11.9736 -12
1112500 -12.0233 -12
1112600 -12.3656 -12
1112700 -12.7184 -12
1112800 -12.9405 -12
1112900 -13.1797 -12
1113000 -13.1208 -12
1113100 -12.969 -12
1113200 -12.8631 -12
1113300 -12.8574 -12
1113400 -12.6226 -12
1113500 -12.6567 -12
1113600 -12.6057 -12
1113700 -12.4857 -12
1113800 -12.5265 -12
1113900 -12.3158 -12
1114000 -12.1349 -12
1114100 -12.4329 -12
1114200 -12.9467 -12
1114300 -13.2586 -12
1114400 -13.5396 -12
1114500 -13.6697 -12
1114600 -13.4883 -12
1114700 -13.0434 -12
1114800 -12.4223 -12
1114900 -11.9809 -12
1115000 -11.6614 -12
1115100 -11.5932 -12
1115200 -11.7117 -12
1115300 -12.1518 -12
1115400 -12.5427 -12
1115500 -12.7193 -12
1115600 -12.6987 -12
1115700 -12.6543 -12
1115800 -12.4517 -12
1115900 -11.957 -12
1116000 -11.7687 -12
1116100 -11.7953 -12
1116200 -11.7731 -12
1116300 -11.7433 -12
1116400 -11.9144 -12
1116500 -12.2794 -12
1116600 -12.5454 -12
1116700 -12.8542 -12
1116800 -12.9909 -12
1116900 -12.9863 -12
1117000 -13.1832 -12
1117100 -13.492 -12
1117200 -13.6762 -12
1117300 -13.5282 -12
1117400 -13.484 -12
1117500 -13.3011 -12
1117600 -13.0903 -12
1117700 -12.7629 -12
1117800 -12.5243 -12
1117900 -12.531 -12
1118000 -12.6527 -12
1118100 -12.7204 -12
1118200 -12.5657 -12
1118300 -12.5628 -12
1118400 -12.5965 -12
1118500 -12.4981 -12
1118600 -12.4692 -12
1118700 -12.7276 -12
1118800 -12.9772 -12
1118900 -12.9671 -12
1119000 -12.7 -12
1119100 -12.4874 -12
1119200 -12.5576 -12
1119300 -12.7531 -12
1119400 -13.0721 -12
1119500 -12.922 -12
1119600 -12.7499 -12
1119700 -12.8254 -12
1119800 -12.9767 -12
1119900 -13.0125 -12
1120000 -13.1243 -12
1120100 -13.0706 -12
1120200 -12.9263 -12
1120300 -12.8187 -12
1120400 -12.6224 -12
1120500 -12.5871 -12
1120600 -12.979 -12
1120700 -13.3455 -12
1120800 -13.4228 -12
1120900 -13.3119 -12
1121000 -13.0714 -12
1121100 -12.8395 -12
1121200 -12.628 -12
1121300 -12.4594 -12
1121400 -12.4729 -12
1121500 -12.4576 -12
1121600 -12.39 -12
1121700 -12.3258 -12
1121800 -12.366 -12
1121900 -12.4221 -12
1122000 -12.5739 -12
1122100 -12.7738 -12
1122200 -13.042 -12
1122300 -13.0681 -12
1122400 -12.747 -12
1122500 -12.3171 -12
1122600 -12.0592 -12
1122700 -12.048 -12
1122800 -12.2423 -12
1122900 -12.5185 -12
1123000 -12.984 -12
1123100 -13.2326 -12
1123200 -13.2197 -12
1123300 -13.0973 -12
1123400 -12.848 -12
1123500 -12.5953 -12
1123600 -12.2294 -12
1123700 -11.8427 -12
1123800 -11.6058 -12
1123900 -11.722 -12
1124000 -12.1606 -12
1124100 -12.8341 -12
1124200 -13.1882 -12
1124300 -13.0144 -12
1124400 -12.5529 -12
1124500 -12.0492 -12
1124600 -11.9937 -12
1124700 -12.1618 -12
1124800 -12.3262 -12
1124900 -12.2835 -12
1125000 -12.247 -12
1125100 -12.0571 -12
1125200 -12.0746 -12
1125300 -12.0628 -12
1125400 -12.2876 -12
1125500 -12.736 -12
1125600 -13.0068 -12
1125700 -13.4033 -12
1125800 -13.6008 -12
1125900 -13.4048 -12
1126000 -12.8514 -12
1126100 -12.2696 -12
1126200 -12.0128 -12
1126300 -11.9409 -12
1126400 -11.9519 -12
1126500 -12.0595 -12
1126600 -12.1381 -12
1126700 -12.3032 -12
1126800 -12.497 -12
1126900 -12.8006 -12
1127000 -13.064 -12
1127100 -13.304 -12
1127200 -13.5466 -12
1127300 -13.5831 -12
1127400 -13.3713 -12
1127500 -12.9371 -12
1127600 -12.4291 -12
1127700 -11.9391 -12
1127800 -11.3634 -12
1127900 -11.0644 -12
1128000 -11.4213 -12
1128100 -12.2799 -12
1128200 -12.7524 -12
1128300 -12.9668 -12
1128400 -13.3557 -12
1128500 -13.4081 -12
1128600 -13.4729 -12
1128700 -13.2957 -12
1128800 -12.9509 -12
1128900 -12.7026 -12
1129000 -12.6414 -12
1129100 -12.503 -12
1129200 -12.2866 -12
1129300 -11.9554 -12
1129400 -11.8692 -12
1129500 -12.1677 -12
1129600 -12.6271 -12
1129700 -13.201 -12
1129800 -13.3634 -12
1129900 -13.2975 -12
1130000 -13.1775 -12
1130100 -12.6975 -12
1130200 -12.1431 -12
1130300 -11.8363 -12
1130400 -11.9185 -12
1130500 -12.1674 -12
1130600 -12.2888 -12
1130700 -12.3382 -12
1130800 -12.6758 -12
1130900 -12.986 -12
1131000 -13.0509 -12
1131100 -12.9518 -12
1131200 -12.4838 -12
1131300 -12.2631 -12
1131400 -12.2705 -12
1131500 -12.4278 -12
1131600 -12.4268 -12
1131700 -12.5826 -12
1131800 -12.7065 -12
1131900 -12.7634 -12
1132000 -12.8593 -12
1132100 -12.7878 -12
1132200 -12.305 -12
1132300 -12.2374 -12
1132400 -12.4877 -12
1132500 -12.6672 -12
1132600 -12.8777 -12
1132700 -12.8402 -12
1132800 -12.7027 -12
1132900 -12.5952 -12
1133000 -12.3385 -12
1133100 -12.1719 -12
1133200 -11.8937 -12
1133300 -11.5824 -12
1133400 -11.7361 -12
1133500 -12.2211 -12
1133600 -12.7705 -12
1133700 -13.2465 -12
1133800 -13.4857 -12
1133900 -13.6593 -12
1134000 -13.7313 -12
1134100 -13.6243 -12
1134200 -13.4453 -12
1134300 -13.1881 -12
1134400 -12.9699 -12
1134500 -12.8357 -12
1134600 -12.5391 -12
1134700 -12.2798 -12
1134800 -12.0789 -12
1134900 -12.174 -12
1135000 -12.5617 -12
1135100 -12.6038 -12
1135200 -12.4566 -12
1135300 -12.6088 -12
1135400 -12.9208 -12
1135500 -13.0955 -12
1135600 -13.1054 -12
1135700 -12.8112 -12
1135800 -12.4342 -12
1135900 -12.089 -12
1136000 -11.9046 -12
1136100 -11.9788 -12
1136200 -12.0728 -12
1136300 -12.0955 -12
1136400 -12.2254 -12
1136500 -12.392 -12
1136600 -12.2309 -12
1136700 -11.9322 -12
1136800 -12.179 -12
1136900 -12.7338 -12
1137000 -13.4474 -12
1137100 -14.0116 -12
1137200 -14.2074 -12
1137300 -13.8796 -12
1137400 -13.2826 -12
1137500 -12.6094 -12
1137600 -12.2758 -12
1137700 -12.1333 -12
1137800 -12.2509 -12
1137900 -12.5718 -12
1138000 -12.6862 -12
1138100 -12.7315 -12
1138200 -13.1274 -12
1138300 -13.3757 -12
1138400 -13.3519 -12
1138500 -13.3965 -12
1138600 -13.3318 -12
1138700 -13.1639 -12
1138800 -12.59 -12
1138900 -12.0687 -12
1139000 -11.9518 -12
1139100 -12.122 -12
1139200 -11.9847 -12
1139300 -11.9473 -12
1139400 -12.1952 -12
1139500 -12.5236 -12
1139600 -12.703 -12
1139700 -12.5362 -12
1139800 -12.2739 -12
1139900 -11.953 -12
1140000 -11.9108 -12
1140100 -12.0326 -12
1140200 -12.4627 -12
1140300 -12.7715 -12
1140400 -12.7822 -12
1140500 -12.4556 -12
1140600 -12.0982 -12
1140700 -11.7696 -12
1140800 -11.6533 -12
1140900 -11.6065 -12
1141000 -11.8243 -12
1141100 -12.1862 -12
1141200 -12.2968 -12
1141300 -12.6198 -12
1141400 -12.7995 -12
1141500 -12.825 -12
1141600 -12.7627 -12
1141700 -12.5967 -12
1141800 -12.1345 -12
1141900 -11.631 -12
1142000 -11.4861 -12
1142100 -11.8485 -12
1142200 -12.3574 -12
1142300 -12.6767 -12
1142400 -12.8522 -12
1142500 -12.781 -12
1142600 -12.8431 -12
1142700 -13.1357 -12
1142800 -13.4986 -12
1142900 -13.5458 -12
1143000 -13.4442 -12
1143100 -13.232 -12
1143200 -13.0091 -12
1143300 -12.6038 -12
1143400 -12.2223 -12
1143500 -12.2961 -12
1143600 -12.5903 -12
1143700 -12.7496 -12
1143800 -12.7942 -12
1143900 -12.8903 -12
1144000 -12.9022 -12
1144100 -13.0475 -12
1144200 -13.1136 -12
1144300 -12.7829 -12
1144400 -12.5999 -12
1144500 -12.5165 -12
1144600 -12.4476 -12
1144700 -12.4084 -12
1144800 -12.4661 -12
1144900 -12.595 -12
1145000 -12.6084 -12
1145100 -12.5472 -12
1145200 -12.5129 -12
1145300 -12.6461 -12
1145400 -12.9598 -12
1145500 -12.9334 -12
1145600 -12.7956 -12
1145700 -12.7562 -12
1145800 -12.5256 -12
1145900 -12.2941 -12
1146000 -12.2443 -12
1146100 -12.207 -12
1146200 -12.2178 -12
1146300 -12.1121 -12
1146400 -12.1904 -12
1146500 -12.3495 -12
1146600 -12.2991 -12
1146700 -12.3803 -12
1146800 -12.6659 -12
1146900 -13.091 -12
1147000 -13.4535 -12
1147100 -13.7194 -12
1147200 -13.7547 -12
1147300 -13.4457 -12
1147400 -13.0011 -12
1147500 -12.4895 -12
1147600 -12.3644 -12
1147700 -12.5113 -12
1147800 -12.481 -12
1147900 -12.2135 -12
1148000 -12.2037 -12
1148100 -12.3464 -12
1148200 -12.7123 -12
1148300 -12.9679 -12
1148400 -12.926 -12
1148500 -12.9048 -12
1148600 -12.9555 -12
1148700 -12.8146 -12
1148800 -12.3589 -12
1148900 -11.9052 -12
1149000 -11.79 -12
1149100 -11.8105 -12
1149200 -11.9163 -12
1149300 -12.1315 -12
1149400 -12.2857 -12
1149500 -12.6013 -12
1149600 -12.7698 -12
1149700 -12.5902 -12
1149800 -12.6622 -12
1149900 -12.9539 -12
1150000 -12.8561 -12
