# Time-averaged data for fix myat1
# TimeStep v_xave v_xdes
510100 -20.6073 -20
510200 -20.7909 -20
510300 -20.5251 -20
510400 -20.16 -20
510500 -19.8433 -20
510600 -19.6395 -20
510700 -19.7701 -20
510800 -19.9468 -20
510900 -19.9161 -20
511000 -19.4718 -20
511100 -18.8556 -20
511200 -18.2942 -20
511300 -18.0781 -20
511400 -18.4176 -20
511500 -18.6741 -20
511600 -18.8872 -20
511700 -19.4115 -20
511800 -19.6018 -20
511900 -19.4665 -20
512000 -19.3988 -20
512100 -19.8555 -20
512200 -20.0621 -20
512300 -20.0971 -20
512400 -19.9794 -20
512500 -19.9629 -20
512600 -20.0567 -20
512700 -19.9662 -20
512800 -19.9443 -20
512900 -19.9009 -20
513000 -19.761 -20
513100 -19.5724 -20
513200 -19.4956 -20
513300 -19.5821 -20
513400 -19.7936 -20
513500 -19.9897 -20
513600 -20.0165 -20
513700 -19.8047 -20
513800 -19.3592 -20
513900 -19.2231 -20
514000 -19.5661 -20
514100 -19.7567 -20
514200 -19.9105 -20
514300 -20.1277 -20
514400 -20.2794 -20
514500 -20.4068 -20
514600 -20.2886 -20
514700 -20.2661 -20
514800 -20.2547 -20
514900 -19.8823 -20
515000 -19.5882 -20
515100 -19.5353 -20
515200 -19.4272 -20
515300 -19.3731 -20
515400 -19.2816 -20
515500 -19.3184 -20
515600 -19.1723 -20
515700 -19.276 -20
515800 -19.4638 -20
515900 -19.4928 -20
516000 -19.3976 -20
516100 -19.5968 -20
516200 -19.9995 -20
516300 -20.2873 -20
516400 -20.4598 -20
516500 -20.2709 -20
516600 -19.9886 -20
516700 -20.0626 -20
516800 -20.3309 -20
516900 -20.6778 -20
517000 -20.9469 -20
517100 -21.0309 -20
517200 -21.0831 -20
517300 -20.9424 -20
517400 -20.6516 -20
517500 -20.1692 -20
517600 -19.803 -20
517700 -19.7853 -20
517800 -19.9945 -20
517900 -20.417 -20
518000 -20.7891 -20
518100 -20.8944 -20
518200 -20.8426 -20
518300 -20.7893 -20
518400 -20.8596 -20
518500 -20.601 -20
518600 -20.3118 -20
518700 -20.3646 -20
518800 -20.4197 -20
518900 -20.2803 -20
519000 -20.4041 -20
519100 -20.7457 -20
519200 -21.15 -20
519300 -21.2854 -20
519400 -20.9712 -20
519500 -20.4979 -20
519600 -20.2254 -20
519700 -20.0906 -20
519800 -19.8132 -20
519900 -19.4438 -20
520000 -19.4315 -20
520100 -19.7086 -20
520200 -19.8511 -20
520300 -19.8024 -20
520400 -19.6523 -20
520500 -19.5335 -20
520600 -19.4942 -20
520700 -19.7092 -20
520800 -20.0045 -20
520900 -20.3206 -20
521000 -20.4664 -20
521100 -20.6047 -20
521200 -20.7721 -20
521300 -20.7179 -20
521400 -20.2841 -20
521500 -19.875 -20
521600 -19.6602 -20
521700 -19.7045 -20
521800 -20.1508 -20
521900 -20.5085 -20
522000 -20.6963 -20
522100 -20.7642 -20
522200 -20.874 -20
522300 -20.8401 -20
522400 -20.5149 -20
522500 -19.9147 -20
522600 -19.2852 -20
522700 -18.9062 -20
522800 -18.7002 -20
522900 -18.5364 -20
523000 -18.6472 -20
523100 -19.1212 -20
523200 -19.3864 -20
523300 -19.5576 -20
523400 -19.7398 -20
523500 -20.1038 -20
523600 -20.7654 -20
523700 -21.1115 -20
523800 -20.9869 -20
523900 -20.6572 -20
524000 -20.2913 -20
524100 -19.8553 -20
524200 -19.2282 -20
524300 -18.4562 -20
524400 -17.8399 -20
524500 -17.8702 -20
524600 -18.4333 -20
524700 -19.1102 -20
524800 -19.9174 -20
524900 -20.5959 -20
525000 -20.9115 -20
525100 -21.1285 -20
525200 -21.3451 -20
525300 -21.4301 -20
525400 -21.3069 -20
525500 -21.0271 -20
525600 -20.4912 -20
525700 -19.765 -20
525800 -19.3279 -20
525900 -19.0174 -20
526000 -18.8251 -20
526100 -18.7246 -20
526200 -19.0525 -20
526300 -19.4098 -20
526400 -19.8092 -20
526500 -20.2544 -20
526600 -20.4187 -20
526700 -20.5143 -20
526800 -20.2983 -20
526900 -20.0816 -20
527000 -19.8654 -20
527100 -19.6735 -20
527200 -19.5852 -20
527300 -19.5239 -20
527400 -19.4593 -20
527500 -19.2002 -20
527600 -18.995 -20
527700 -19.1574 -20
527800 -19.5637 -20
527900 -19.9452 -20
528000 -20.3547 -20
528100 -20.5341 -20
528200 -20.5179 -20
528300 -20.494 -20
528400 -20.6703 -20
528500 -20.7985 -20
528600 -20.6568 -20
528700 -20.4881 -20
528800 -20.1224 -20
528900 -19.5864 -20
529000 -19.1641 -20
529100 -19.0632 -20
529200 -19.2369 -20
529300 -19.559 -20
529400 -19.9789 -20
529500 -20.5548 -20
529600 -20.8509 -20
529700 -20.7033 -20
529800 -20.5587 -20
529900 -20.3075 -20
530000 -19.8647 -20
530100 -19.4567 -20
530200 -19.3892 -20
530300 -19.8456 -20
530400 -20.4028 -20
530500 -20.992 -20
530600 -21.3828 -20
530700 -21.3314 -20
530800 -21.1346 -20
530900 -21.078 -20
531000 -20.9891 -20
531100 -20.8212 -20
531200 -20.5686 -20
531300 -20.3553 -20
531400 -20.0994 -20
531500 -19.75 -20
531600 -19.4543 -20
531700 -19.1242 -20
531800 -19.072 -20
531900 -19.1782 -20
532000 -19.3889 -20
532100 -19.7381 -20
532200 -20.0131 -20
532300 -20.3671 -20
532400 -20.8049 -20
532500 -20.8441 -20
532600 -20.4634 -20
532700 -20.0678 -20
532800 -19.8564 -20
532900 -19.9794 -20
533000 -19.9148 -20
533100 -19.7633 -20
533200 -19.8886 -20
533300 -20.0522 -20
533400 -19.9848 -20
533500 -19.7852 -20
533600 -19.5011 -20
533700 -19.2805 -20
533800 -19.0484 -20
533900 -19.1943 -20
534000 -19.6449 -20
534100 -20.0347 -20
534200 -20.4331 -20
534300 -20.966 -20
534400 -21.3009 -20
534500 -21.4024 -20
534600 -21.4548 -20
534700 -21.3328 -20
534800 -20.8522 -20
534900 -20.5795 -20
535000 -20.3001 -20
535100 -19.8747 -20
535200 -19.7487 -20
535300 -19.7186 -20
535400 -19.6057 -20
535500 -19.6293 -20
535600 -19.6368 -20
535700 -19.9561 -20
535800 -20.3503 -20
535900 -20.6017 -20
536000 -20.776 -20
536100 -21.0371 -20
536200 -21.1154 -20
536300 -21.0216 -20
536400 -20.9204 -20
536500 -20.7277 -20
536600 -20.4846 -20
536700 -20.4177 -20
536800 -20.1914 -20
536900 -20.39 -20
537000 -20.7427 -20
537100 -20.7508 -20
537200 -20.3322 -20
537300 -19.9483 -20
537400 -19.619 -20
537500 -19.5327 -20
537600 -19.4472 -20
537700 -19.4459 -20
537800 -19.414 -20
537900 -19.3582 -20
538000 -19.4873 -20
538100 -19.8649 -20
538200 -20.2188 -20
538300 -20.3244 -20
538400 -20.3213 -20
538500 -20.1854 -20
538600 -20.2447 -20
538700 -20.2954 -20
538800 -20.1628 -20
538900 -19.9717 -20
539000 -19.9267 -20
539100 -20.0487 -20
539200 -19.9387 -20
539300 -19.5897 -20
539400 -19.2659 -20
539500 -19.1308 -20
539600 -19.1446 -20
539700 -18.9913 -20
539800 -18.9519 -20
539900 -19.3365 -20
540000 -19.8445 -20
540100 -20.2532 -20
540200 -20.5144 -20
540300 -20.8009 -20
540400 -20.9233 -20
540500 -20.7814 -20
540600 -20.4466 -20
540700 -19.926 -20
540800 -19.6608 -20
540900 -19.6634 -20
541000 -19.7045 -20
541100 -19.7114 -20
541200 -19.4963 -20
541300 -19.4044 -20
541400 -19.5429 -20
541500 -19.8314 -20
541600 -20.1172 -20
541700 -20.311 -20
541800 -20.4516 -20
541900 -20.5796 -20
542000 -20.458 -20
542100 -20.1437 -20
542200 -19.8567 -20
542300 -19.6266 -20
542400 -19.3978 -20
542500 -19.5303 -20
542600 -19.6515 -20
542700 -19.89 -20
542800 -20.4554 -20
542900 -20.529 -20
543000 -20.3338 -20
543100 -20.1986 -20
543200 -20.2108 -20
543300 -20.3373 -20
543400 -20.1584 -20
543500 -20.0116 -20
543600 -19.8297 -20
543700 -19.8434 -20
543800 -19.9891 -20
543900 -20.3598 -20
544000 -20.7767 -20
544100 -21.2693 -20
544200 -21.7379 -20
544300 -22.0409 -20
544400 -21.973 -20
544500 -21.8136 -20
544600 -21.7726 -20
544700 -21.5774 -20
544800 -21.2752 -20
544900 -20.7575 -20
545000 -20.4799 -20
545100 -20.1706 -20
545200 -20.0634 -20
545300 -20.1757 -20
545400 -20.258 -20
545500 -20.2118 -20
545600 -20.2969 -20
545700 -20.1929 -20
545800 -20.0148 -20
545900 -20.0249 -20
546000 -20.2141 -20
546100 -20.493 -20
546200 -20.6999 -20
546300 -20.492 -20
546400 -20.4349 -20
546500 -20.342 -20
546600 -20.2035 -20
546700 -19.7911 -20
546800 -19.3893 -20
546900 -19.3156 -20
547000 -19.2664 -20
547100 -19.1114 -20
547200 -19.1766 -20
547300 -19.4575 -20
547400 -19.9516 -20
547500 -20.4042 -20
547600 -20.5047 -20
547700 -20.1691 -20
547800 -19.9583 -20
547900 -19.7601 -20
548000 -19.4568 -20
548100 -19.314 -20
548200 -19.3317 -20
548300 -19.364 -20
548400 -19.3603 -20
548500 -19.4149 -20
548600 -19.6135 -20
548700 -19.7054 -20
548800 -19.7789 -20
548900 -20.0376 -20
549000 -20.5908 -20
549100 -21.1116 -20
549200 -21.349 -20
549300 -21.5083 -20
549400 -21.5631 -20
549500 -21.068 -20
549600 -20.3288 -20
549700 -19.6896 -20
549800 -19.4469 -20
549900 -19.2366 -20
550000 -19.0981 -20
550100 -19.19 -20
550200 -19.4509 -20
550300 -20.0541 -20
550400 -20.5455 -20
550500 -20.7343 -20
550600 -20.9485 -20
550700 -21.1142 -20
550800 -21.0448 -20
550900 -20.711 -20
551000 -20.4716 -20
551100 -20.4414 -20
551200 -20.2345 -20
551300 -20.1209 -20
551400 -20.2932 -20
551500 -20.4696 -20
551600 -20.3778 -20
551700 -20.2067 -20
551800 -20.2263 -20
551900 -20.6339 -20
552000 -20.7269 -20
552100 -20.3976 -20
552200 -19.9569 -20
552300 -19.8277 -20
552400 -19.9192 -20
552500 -19.9286 -20
552600 -19.8943 -20
552700 -20.0998 -20
552800 -19.9364 -20
552900 -19.7439 -20
553000 -19.63 -20
553100 -19.6727 -20
553200 -19.8837 -20
553300 -19.9571 -20
553400 -19.8891 -20
553500 -19.8044 -20
553600 -19.8311 -20
553700 -20.0515 -20
553800 -20.4059 -20
553900 -20.5001 -20
554000 -20.641 -20
554100 -20.5945 -20
554200 -20.5047 -20
554300 -20.3114 -20
554400 -20.2258 -20
554500 -20.4141 -20
554600 -20.3531 -20
554700 -19.9079 -20
554800 -19.3774 -20
554900 -18.8972 -20
555000 -18.9605 -20
555100 -19.3146 -20
555200 -19.6737 -20
555300 -19.993 -20
555400 -20.1107 -20
555500 -20.2147 -20
555600 -20.3431 -20
555700 -20.1312 -20
555800 -19.7775 -20
555900 -19.9732 -20
556000 -20.4352 -20
556100 -20.6171 -20
556200 -20.4824 -20
556300 -20.3006 -20
556400 -20.3421 -20
556500 -20.6926 -20
556600 -21.2248 -20
556700 -21.7312 -20
556800 -21.9245 -20
556900 -21.9751 -20
557000 -21.6849 -20
557100 -21.4168 -20
557200 -21.0811 -20
557300 -20.7413 -20
557400 -20.4723 -20
557500 -20.4201 -20
557600 -20.2992 -20
557700 -20.438 -20
557800 -20.5157 -20
557900 -20.2347 -20
558000 -19.7035 -20
558100 -19.4949 -20
558200 -19.778 -20
558300 -20.1759 -20
558400 -20.493 -20
558500 -20.351 -20
558600 -20.251 -20
558700 -20.3736 -20
558800 -20.2922 -20
558900 -20.11 -20
559000 -20.2113 -20
559100 -20.261 -20
559200 -20.4476 -20
559300 -20.4226 -20
559400 -20.2566 -20
559500 -20.0374 -20
559600 -19.6531 -20
559700 -19.1836 -20
559800 -19.1297 -20
559900 -19.5205 -20
560000 -20.1292 -20
560100 -20.7613 -20
560200 -21.0827 -20
560300 -21.0511 -20
560400 -20.2857 -20
560500 -19.4817 -20
560600 -19.1658 -20
560700 -19.273 -20
560800 -19.5421 -20
560900 -19.7959 -20
561000 -19.9146 -20
561100 -19.9619 -20
561200 -20.0774 -20
561300 -20.3559 -20
561400 -20.4377 -20
561500 -20.5054 -20
561600 -20.4129 -20
561700 -20.2253 -20
561800 -19.9323 -20
561900 -19.5911 -20
562000 -19.336 -20
562100 -19.3101 -20
562200 -19.3235 -20
562300 -19.6089 -20
562400 -20.1303 -20
562500 -20.4948 -20
562600 -20.6045 -20
562700 -20.3631 -20
562800 -19.9611 -20
562900 -19.7437 -20
563000 -19.7629 -20
563100 -19.7397 -20
563200 -19.71 -20
563300 -19.7324 -20
563400 -19.7032 -20
563500 -19.6141 -20
563600 -19.5149 -20
563700 -19.5815 -20
563800 -19.7298 -20
563900 -19.7528 -20
564000 -19.719 -20
564100 -19.5664 -20
564200 -19.6455 -20
564300 -19.9431 -20
564400 -19.9771 -20
564500 -19.9756 -20
564600 -20.0459 -20
564700 -20.0274 -20
564800 -20.2216 -20
564900 -20.5418 -20
565000 -20.8686 -20
565100 -20.904 -20
565200 -20.5163 -20
565300 -19.9955 -20
565400 -19.6408 -20
565500 -19.5839 -20
565600 -19.5895 -20
565700 -19.6692 -20
565800 -19.671 -20
565900 -19.785 -20
566000 -20.019 -20
566100 -20.1986 -20
566200 -20.4108 -20
566300 -20.6295 -20
566400 -20.755 -20
566500 -20.5409 -20
566600 -20.0759 -20
566700 -20.1199 -20
566800 -20.2408 -20
566900 -20.3436 -20
567000 -20.3609 -20
567100 -20.016 -20
567200 -19.7967 -20
567300 -19.7793 -20
567400 -19.6626 -20
567500 -19.469 -20
567600 -19.4753 -20
567700 -19.5199 -20
567800 -19.7224 -20
567900 -19.9401 -20
568000 -20.1364 -20
568100 -20.1918 -20
568200 -20.1323 -20
568300 -20.0848 -20
568400 -20.2794 -20
568500 -20.5622 -20
568600 -20.6923 -20
568700 -21.0069 -20
568800 -21.1942 -20
568900 -21.3403 -20
569000 -21.1866 -20
569100 -20.9285 -20
569200 -20.6151 -20
569300 -20.0705 -20
569400 -19.5443 -20
569500 -19.1679 -20
569600 -19.1473 -20
569700 -19.1271 -20
569800 -19.4634 -20
569900 -19.7452 -20
570000 -20.1321 -20
570100 -20.3729 -20
570200 -20.2298 -20
570300 -19.9262 -20
570400 -19.7698 -20
570500 -19.4963 -20
570600 -19.4863 -20
570700 -19.5468 -20
570800 -19.6477 -20
570900 -19.8366 -20
571000 -19.8988 -20
571100 -19.8588 -20
571200 -19.8148 -20
571300 -19.7644 -20
571400 -20.0029 -20
571500 -20.2506 -20
571600 -20.3358 -20
571700 -20.5127 -20
571800 -20.7744 -20
571900 -20.9772 -20
572000 -21.1005 -20
572100 -20.9293 -20
572200 -20.4407 -20
572300 -20.0184 -20
572400 -19.4477 -20
572500 -19.0367 -20
572600 -18.6822 -20
572700 -18.5502 -20
572800 -19.0018 -20
572900 -19.9787 -20
573000 -20.7674 -20
573100 -21.3335 -20
573200 -21.2224 -20
573300 -20.5177 -20
573400 -19.7883 -20
573500 -19.3502 -20
573600 -19.1261 -20
573700 -19.0131 -20
573800 -19.106 -20
573900 -19.4182 -20
574000 -19.8376 -20
574100 -19.8822 -20
574200 -20.0048 -20
574300 -20.2443 -20
574400 -20.6003 -20
574500 -20.7591 -20
574600 -20.5296 -20
574700 -20.2924 -20
574800 -19.9199 -20
574900 -19.7417 -20
575000 -19.7369 -20
575100 -19.6958 -20
575200 -19.5786 -20
575300 -19.4788 -20
575400 -19.341 -20
575500 -19.5067 -20
575600 -19.8815 -20
575700 -20.522 -20
575800 -21.1525 -20
575900 -21.5098 -20
576000 -21.6466 -20
576100 -21.5023 -20
576200 -20.9187 -20
576300 -20.3271 -20
576400 -19.8583 -20
576500 -19.311 -20
576600 -18.9794 -20
576700 -18.9549 -20
576800 -19.3194 -20
576900 -19.5564 -20
577000 -19.885 -20
577100 -20.1796 -20
577200 -20.0909 -20
577300 -20.1341 -20
577400 -20.1069 -20
577500 -19.8766 -20
577600 -19.9327 -20
577700 -19.9822 -20
577800 -20.1703 -20
577900 -20.2899 -20
578000 -20.2414 -20
578100 -19.886 -20
578200 -19.6307 -20
578300 -19.4581 -20
578400 -19.2395 -20
578500 -19.081 -20
578600 -19.149 -20
578700 -19.1323 -20
578800 -19.226 -20
578900 -19.3622 -20
579000 -19.5803 -20
579100 -19.923 -20
579200 -20.4816 -20
579300 -20.7137 -20
579400 -20.6179 -20
579500 -20.3057 -20
579600 -19.817 -20
579700 -19.3511 -20
579800 -19.0488 -20
579900 -18.7459 -20
580000 -18.2828 -20
580100 -17.8303 -20
580200 -17.6679 -20
580300 -18.0515 -20
580400 -19.0901 -20
580500 -20.3118 -20
580600 -20.9605 -20
580700 -20.8097 -20
580800 -20.6125 -20
580900 -20.4791 -20
581000 -20.3158 -20
581100 -20.2659 -20
581200 -20.2366 -20
581300 -20.153 -20
581400 -20.0846 -20
581500 -19.7659 -20
581600 -19.4703 -20
581700 -19.2164 -20
581800 -19.2093 -20
581900 -19.5602 -20
582000 -19.9722 -20
582100 -20.2968 -20
582200 -20.4991 -20
582300 -20.4559 -20
582400 -20.534 -20
582500 -20.6571 -20
582600 -20.585 -20
582700 -20.5541 -20
582800 -20.4591 -20
582900 -20.4507 -20
583000 -20.666 -20
583100 -20.5533 -20
583200 -20.1824 -20
583300 -19.7315 -20
583400 -19.4922 -20
583500 -19.5946 -20
583600 -19.6005 -20
583700 -19.5773 -20
583800 -20.0801 -20
583900 -20.8258 -20
584000 -21.4037 -20
584100 -21.5066 -20
584200 -20.9376 -20
584300 -20.2319 -20
584400 -19.6189 -20
584500 -19.1107 -20
584600 -18.9698 -20
584700 -18.8517 -20
584800 -18.7397 -20
584900 -18.6496 -20
585000 -18.7974 -20
585100 -19.0379 -20
585200 -19.2837 -20
585300 -19.2294 -20
585400 -19.1868 -20
585500 -19.4339 -20
585600 -19.4255 -20
585700 -19.1149 -20
585800 -18.8938 -20
585900 -19.0042 -20
586000 -19.3156 -20
586100 -19.6702 -20
586200 -19.9289 -20
586300 -19.9597 -20
586400 -20.1394 -20
586500 -20.214 -20
586600 -19.8845 -20
586700 -19.5599 -20
586800 -19.2584 -20
586900 -19.1452 -20
587000 -19.3596 -20
587100 -19.6613 -20
587200 -19.9811 -20
587300 -20.0918 -20
587400 -19.9067 -20
587500 -19.7676 -20
587600 -19.5924 -20
587700 -19.7044 -20
587800 -20.0735 -20
587900 -20.2394 -20
588000 -20.3953 -20
588100 -20.2177 -20
588200 -19.9742 -20
588300 -19.9842 -20
588400 -20.1489 -20
588500 -20.176 -20
588600 -20.1943 -20
588700 -20.1079 -20
588800 -19.9546 -20
588900 -19.922 -20
589000 -19.9074 -20
589100 -20.1055 -20
589200 -20.4213 -20
589300 -20.802 -20
589400 -20.9303 -20
589500 -20.5365 -20
589600 -19.894 -20
589700 -19.3106 -20
589800 -19.1412 -20
589900 -19.004 -20
590000 -19.2799 -20
590100 -19.873 -20
590200 -20.0343 -20
590300 -20.0713 -20
590400 -19.9891 -20
590500 -20.0847 -20
590600 -20.3686 -20
590700 -20.8739 -20
590800 -21.3975 -20
590900 -21.6685 -20
591000 -21.6016 -20
591100 -21.3141 -20
591200 -20.8507 -20
591300 -20.2327 -20
591400 -19.5492 -20
591500 -19.0476 -20
591600 -19.0057 -20
591700 -19.3388 -20
591800 -19.6906 -20
591900 -20.0224 -20
592000 -20.2115 -20
592100 -20.1341 -20
592200 -19.9091 -20
592300 -19.772 -20
592400 -19.8232 -20
592500 -19.9349 -20
592600 -20.0329 -20
592700 -19.9467 -20
592800 -19.8706 -20
592900 -19.8804 -20
593000 -19.9214 -20
593100 -20.153 -20
593200 -20.5512 -20
593300 -20.7256 -20
593400 -20.5478 -20
593500 -20.0097 -20
593600 -19.3094 -20
593700 -18.8128 -20
593800 -18.6971 -20
593900 -18.4356 -20
594000 -18.4352 -20
594100 -18.653 -20
594200 -19.0523 -20
594300 -19.5654 -20
594400 -19.9718 -20
594500 -19.8137 -20
594600 -19.4404 -20
594700 -19.4539 -20
594800 -19.6003 -20
594900 -19.8533 -20
595000 -20.1126 -20
595100 -20.1468 -20
595200 -19.9584 -20
595300 -19.6467 -20
595400 -19.3817 -20
595500 -19.1743 -20
595600 -19.1114 -20
595700 -19.4303 -20
595800 -20.016 -20
595900 -20.3338 -20
596000 -20.3727 -20
596100 -19.9902 -20
596200 -19.5124 -20
596300 -19.209 -20
596400 -19.2414 -20
596500 -19.5648 -20
596600 -19.8741 -20
596700 -19.7862 -20
596800 -19.7395 -20
596900 -19.715 -20
597000 -19.6786 -20
597100 -19.4087 -20
597200 -19.2941 -20
597300 -19.147 -20
597400 -18.8583 -20
597500 -18.5741 -20
597600 -18.6147 -20
597700 -18.7579 -20
597800 -19.1366 -20
597900 -19.7571 -20
598000 -19.9845 -20
598100 -19.8582 -20
598200 -19.6918 -20
598300 -19.7559 -20
598400 -19.8438 -20
598500 -19.9904 -20
598600 -20.3909 -20
598700 -20.6743 -20
598800 -20.8291 -20
598900 -20.773 -20
599000 -20.6235 -20
599100 -20.2734 -20
599200 -19.9603 -20
599300 -19.8143 -20
599400 -19.6841 -20
599500 -19.6391 -20
599600 -19.6612 -20
599700 -19.9008 -20
599800 -20.0495 -20
599900 -20.0962 -20
600000 -20.0263 -20
600100 -19.8368 -20
600200 -19.7404 -20
600300 -19.8382 -20
600400 -20.1931 -20
600500 -20.59 -20
600600 -20.7861 -20
600700 -20.7806 -20
600800 -20.6665 -20
600900 -20.2995 -20
601000 -20.0844 -20
601100 -19.8193 -20
601200 -19.4708 -20
601300 -19.2904 -20
601400 -19.2472 -20
601500 -19.319 -20
601600 -19.357 -20
601700 -19.5042 -20
601800 -19.6004 -20
601900 -19.6813 -20
602000 -19.7749 -20
602100 -19.8126 -20
602200 -20.091 -20
602300 -20.3648 -20
602400 -20.5009 -20
602500 -20.5372 -20
602600 -20.9786 -20
602700 -21.1448 -20
602800 -20.8712 -20
602900 -20.6201 -20
603000 -20.5343 -20
603100 -20.2946 -20
603200 -20.0481 -20
603300 -19.9569 -20
603400 -19.9558 -20
603500 -20.0046 -20
603600 -20.4838 -20
603700 -20.92 -20
603800 -21.0342 -20
603900 -21.1355 -20
604000 -21.0101 -20
604100 -20.4818 -20
604200 -19.9519 -20
604300 -19.6347 -20
604400 -19.4197 -20
604500 -19.3988 -20
604600 -19.3159 -20
604700 -19.2305 -20
604800 -19.383 -20
604900 -19.5346 -20
605000 -19.5135 -20
605100 -19.5669 -20
605200 -19.7236 -20
605300 -19.9055 -20
605400 -19.857 -20
605500 -19.7815 -20
605600 -19.8467 -20
605700 -20.0107 -20
605800 -20.1559 -20
605900 -20.4218 -20
606000 -20.9823 -20
606100 -21.5327 -20
606200 -21.5536 -20
606300 -21.1729 -20
606400 -20.7915 -20
606500 -20.4027 -20
606600 -19.9618 -20
606700 -19.5023 -20
606800 -19.266 -20
606900 -19.1901 -20
607000 -19.4269 -20
607100 -20.1685 -20
607200 -20.5921 -20
607300 -20.5916 -20
607400 -20.3988 -20
607500 -20.2257 -20
607600 -20.4481 -20
607700 -20.8699 -20
607800 -21.2203 -20
607900 -21.5463 -20
608000 -21.6476 -20
608100 -21.4315 -20
608200 -20.971 -20
608300 -20.7588 -20
608400 -20.5408 -20
608500 -20.1503 -20
608600 -20.0431 -20
608700 -20.1043 -20
608800 -19.9457 -20
608900 -19.8424 -20
609000 -19.889 -20
609100 -19.8896 -20
609200 -19.5272 -20
609300 -19.3921 -20
609400 -19.2714 -20
609500 -19.2787 -20
609600 -19.3964 -20
609700 -19.6078 -20
609800 -19.9634 -20
609900 -20.2442 -20
610000 -20.2248 -20
610100 -20.263 -20
610200 -20.1868 -20
610300 -19.819 -20
610400 -19.4451 -20
610500 -19.1695 -20
610600 -19.0787 -20
610700 -19.2017 -20
610800 -19.3428 -20
610900 -19.4793 -20
611000 -19.7596 -20
611100 -20.165 -20
611200 -20.3025 -20
611300 -20.4527 -20
611400 -20.6777 -20
611500 -21.0436 -20
611600 -21.3063 -20
611700 -21.2143 -20
611800 -20.8426 -20
611900 -20.4823 -20
612000 -20.2635 -20
612100 -20.3813 -20
612200 -20.5346 -20
612300 -20.3897 -20
612400 -20.3524 -20
612500 -20.5266 -20
612600 -20.858 -20
612700 -20.9328 -20
612800 -21.099 -20
612900 -21.5121 -20
613000 -21.6989 -20
613100 -21.4756 -20
613200 -21.5745 -20
613300 -22.2005 -20
613400 -22.4125 -20
613500 -21.964 -20
613600 -21.574 -20
613700 -21.5967 -20
613800 -21.5311 -20
613900 -21.1545 -20
614000 -20.4511 -20
614100 -19.8867 -20
614200 -19.4508 -20
614300 -19.3855 -20
614400 -19.7472 -20
614500 -20.0061 -20
614600 -20.129 -20
614700 -20.2698 -20
614800 -20.5091 -20
614900 -20.5756 -20
615000 -20.5738 -20
615100 -20.718 -20
615200 -20.8739 -20
615300 -20.7605 -20
615400 -20.7128 -20
615500 -20.8809 -20
615600 -21.0657 -20
615700 -20.8619 -20
615800 -20.2487 -20
615900 -19.6503 -20
616000 -19.407 -20
616100 -19.5391 -20
616200 -20.1418 -20
616300 -20.8031 -20
616400 -21.1682 -20
616500 -20.8867 -20
616600 -20.1267 -20
616700 -19.6429 -20
616800 -19.4256 -20
616900 -19.395 -20
617000 -19.7075 -20
617100 -20.1608 -20
617200 -20.5028 -20
617300 -20.6362 -20
617400 -20.6668 -20
617500 -20.536 -20
617600 -20.4897 -20
617700 -20.6655 -20
617800 -20.6892 -20
617900 -20.6844 -20
618000 -20.7375 -20
618100 -20.561 -20
618200 -20.2591 -20
618300 -20.3166 -20
618400 -20.7479 -20
618500 -21.081 -20
618600 -21.1392 -20
618700 -21.0437 -20
618800 -20.8474 -20
618900 -20.4691 -20
619000 -20.1589 -20
619100 -20.1357 -20
619200 -20.6239 -20
619300 -21.0373 -20
619400 -21.143 -20
619500 -21.1392 -20
619600 -20.9295 -20
619700 -20.3544 -20
619800 -19.8674 -20
619900 -19.7938 -20
620000 -20.1312 -20
620100 -20.4795 -20
620200 -20.6572 -20
620300 -20.4076 -20
620400 -20.2769 -20
620500 -20.3163 -20
620600 -20.2338 -20
620700 -20.3272 -20
620800 -20.4779 -20
620900 -20.207 -20
621000 -20.003 -20
621100 -19.9874 -20
621200 -19.7742 -20
621300 -19.4331 -20
621400 -19.0996 -20
621500 -18.8465 -20
621600 -18.7819 -20
621700 -18.9526 -20
621800 -18.9596 -20
621900 -18.9734 -20
622000 -19.1882 -20
622100 -19.2312 -20
622200 -19.2623 -20
622300 -19.4474 -20
622400 -19.6885 -20
622500 -19.7587 -20
622600 -19.4565 -20
622700 -19.1943 -20
622800 -19.2677 -20
622900 -19.3066 -20
623000 -19.4383 -20
623100 -19.6201 -20
623200 -19.8097 -20
623300 -19.7685 -20
623400 -19.7704 -20
623500 -20.033 -20
623600 -20.3256 -20
623700 -20.4267 -20
623800 -20.2431 -20
623900 -19.9897 -20
624000 -19.938 -20
624100 -20.0046 -20
624200 -19.8906 -20
624300 -19.6838 -20
624400 -19.8193 -20
624500 -20.0532 -20
624600 -20.1991 -20
624700 -20.2643 -20
624800 -20.4039 -20
624900 -20.5821 -20
625000 -20.789 -20
625100 -20.6528 -20
625200 -20.1929 -20
625300 -19.7562 -20
625400 -19.4462 -20
625500 -19.3074 -20
625600 -19.4349 -20
625700 -19.5409 -20
625800 -19.764 -20
625900 -20.1068 -20
626000 -20.2973 -20
626100 -20.3212 -20
626200 -20.2359 -20
626300 -20.2151 -20
626400 -19.9367 -20
626500 -19.7731 -20
626600 -19.7311 -20
626700 -19.6859 -20
626800 -19.7628 -20
626900 -19.7572 -20
627000 -19.9036 -20
627100 -20.2281 -20
627200 -20.4293 -20
627300 -20.1572 -20
627400 -19.7701 -20
627500 -19.3597 -20
627600 -19.1521 -20
627700 -19.343 -20
627800 -19.7637 -20
627900 -20.3033 -20
628000 -20.0845 -20
628100 -19.6061 -20
628200 -19.4262 -20
628300 -19.274 -20
628400 -19.2494 -20
628500 -19.3776 -20
628600 -19.1769 -20
628700 -19.0889 -20
628800 -19.291 -20
628900 -19.7194 -20
629000 -20.0784 -20
629100 -20.1436 -20
629200 -19.9124 -20
629300 -19.6569 -20
629400 -19.3137 -20
629500 -19.2758 -20
629600 -19.401 -20
629700 -19.8124 -20
629800 -20.0193 -20
629900 -20.1363 -20
630000 -20.0711 -20
630100 -20.0908 -20
630200 -20.3065 -20
630300 -20.4758 -20
630400 -20.363 -20
630500 -20.0447 -20
630600 -19.8939 -20
630700 -19.9713 -20
630800 -20.0884 -20
630900 -20.0414 -20
631000 -19.9302 -20
631100 -20.0096 -20
631200 -19.9302 -20
631300 -19.5787 -20
631400 -19.2611 -20
631500 -18.9349 -20
631600 -18.6059 -20
631700 -18.4857 -20
631800 -18.5484 -20
631900 -18.6759 -20
632000 -19.0483 -20
632100 -19.4969 -20
632200 -19.8433 -20
632300 -20.1993 -20
632400 -20.5772 -20
632500 -20.9545 -20
632600 -21.4089 -20
632700 -21.5896 -20
632800 -21.3145 -20
632900 -20.5991 -20
633000 -20.2271 -20
633100 -20.1624 -20
633200 -20.3176 -20
633300 -20.4974 -20
633400 -20.6935 -20
633500 -20.7025 -20
633600 -20.5165 -20
633700 -20.1964 -20
633800 -19.8744 -20
633900 -19.6082 -20
634000 -19.5037 -20
634100 -19.7866 -20
634200 -19.6499 -20
634300 -19.2975 -20
634400 -19.2862 -20
634500 -19.3198 -20
634600 -19.7469 -20
634700 -20.2771 -20
634800 -20.4809 -20
634900 -20.3086 -20
635000 -19.9652 -20
635100 -19.8679 -20
635200 -19.6809 -20
635300 -19.8103 -20
635400 -20.2 -20
635500 -20.5568 -20
635600 -20.829 -20
635700 -21.1497 -20
635800 -21.2862 -20
635900 -21.1366 -20
636000 -21.0708 -20
636100 -20.908 -20
636200 -20.7602 -20
636300 -20.7846 -20
636400 -20.8708 -20
636500 -20.4497 -20
636600 -20.0071 -20
636700 -19.7235 -20
636800 -19.7258 -20
636900 -19.656 -20
637000 -19.6737 -20
637100 -19.8618 -20
637200 -20.0137 -20
637300 -20.2085 -20
637400 -20.1654 -20
637500 -20.0272 -20
637600 -19.8268 -20
637700 -19.7081 -20
637800 -19.6504 -20
637900 -19.4169 -20
638000 -18.9949 -20
638100 -18.6082 -20
638200 -18.7784 -20
638300 -19.2965 -20
638400 -19.6767 -20
638500 -20.2713 -20
638600 -20.7085 -20
638700 -20.7354 -20
638800 -20.4251 -20
638900 -19.9293 -20
639000 -19.5258 -20
639100 -19.3261 -20
639200 -19.3149 -20
639300 -19.06 -20
639400 -18.8865 -20
639500 -19.3138 -20
639600 -19.866 -20
639700 -20.2926 -20
639800 -20.294 -20
639900 -20.1697 -20
640000 -20.0912 -20
640100 -20.0516 -20
640200 -20.1152 -20
640300 -20.2548 -20
640400 -20.0456 -20
640500 -19.6678 -20
640600 -19.4445 -20
640700 -19.5342 -20
640800 -19.8265 -20
640900 -19.9346 -20
641000 -19.9956 -20
641100 -19.8723 -20
641200 -19.8829 -20
641300 -20.1657 -20
641400 -20.628 -20
641500 -21.1127 -20
641600 -21.3615 -20
641700 -21.4284 -20
641800 -21.2616 -20
641900 -21.0555 -20
642000 -20.9895 -20
642100 -20.9833 -20
642200 -20.8038 -20
642300 -20.3308 -20
642400 -19.8684 -20
642500 -19.7605 -20
642600 -19.8719 -20
642700 -19.7725 -20
642800 -19.6143 -20
642900 -19.5491 -20
643000 -19.6146 -20
643100 -20.1167 -20
643200 -20.8649 -20
643300 -21.221 -20
643400 -20.8826 -20
643500 -20.1443 -20
643600 -19.6272 -20
643700 -19.2236 -20
643800 -18.9769 -20
643900 -19.1131 -20
644000 -19.5982 -20
644100 -20.0195 -20
644200 -20.4302 -20
644300 -20.6442 -20
644400 -20.8234 -20
644500 -20.8062 -20
644600 -20.6004 -20
644700 -20.3727 -20
644800 -20.3216 -20
644900 -20.4071 -20
645000 -20.4445 -20
645100 -20.3961 -20
645200 -20.1569 -20
645300 -19.8345 -20
645400 -19.8948 -20
645500 -20.1384 -20
645600 -20.2123 -20
645700 -20.2092 -20
645800 -20.1072 -20
645900 -19.6843 -20
646000 -19.2063 -20
646100 -18.9364 -20
646200 -18.9616 -20
646300 -19.4559 -20
646400 -20.0316 -20
646500 -20.4475 -20
646600 -20.4723 -20
646700 -20.385 -20
646800 -20.3737 -20
646900 -20.2264 -20
647000 -20.1331 -20
647100 -19.963 -20
647200 -19.6057 -20
647300 -19.1921 -20
647400 -18.7984 -20
647500 -18.9823 -20
647600 -19.3472 -20
647700 -19.5388 -20
647800 -19.7643 -20
647900 -20.2299 -20
648000 -20.798 -20
648100 -21.202 -20
648200 -21.5178 -20
648300 -21.579 -20
648400 -21.4552 -20
648500 -21.2808 -20
648600 -21.3009 -20
648700 -21.1388 -20
648800 -20.7727 -20
648900 -20.521 -20
649000 -20.499 -20
649100 -20.5431 -20
649200 -20.4934 -20
649300 -20.3341 -20
649400 -20.3916 -20
649500 -20.2891 -20
649600 -19.9308 -20
649700 -19.876 -20
649800 -19.7464 -20
649900 -19.7845 -20
650000 -20.1285 -20
650100 -20.505 -20
650200 -20.6774 -20
650300 -20.8169 -20
650400 -20.7878 -20
650500 -20.785 -20
650600 -20.8846 -20
650700 -20.8418 -20
650800 -20.6067 -20
650900 -20.0816 -20
651000 -19.6015 -20
651100 -19.8581 -20
651200 -20.3866 -20
651300 -20.8845 -20
651400 -21.3281 -20
651500 -21.2564 -20
651600 -20.7361 -20
651700 -19.8948 -20
651800 -19.147 -20
651900 -18.7071 -20
652000 -18.4316 -20
652100 -18.6124 -20
652200 -18.9077 -20
652300 -19.24 -20
652400 -19.5833 -20
652500 -19.8322 -20
652600 -19.9873 -20
652700 -20.1877 -20
652800 -20.5549 -20
652900 -20.6407 -20
653000 -20.509 -20
653100 -20.5461 -20
653200 -20.4888 -20
653300 -20.2653 -20
653400 -19.9902 -20
653500 -19.5097 -20
653600 -19.0817 -20
653700 -18.8322 -20
653800 -18.6934 -20
653900 -18.7521 -20
654000 -18.8334 -20
654100 -18.8784 -20
654200 -19.2624 -20
654300 -19.6968 -20
654400 -19.9741 -20
654500 -19.9695 -20
654600 -19.802 -20
654700 -20.017 -20
654800 -20.1319 -20
654900 -20.1554 -20
655000 -19.854 -20
655100 -19.8687 -20
655200 -20.039 -20
655300 -19.8146 -20
655400 -19.4693 -20
655500 -19.4991 -20
655600 -19.8865 -20
655700 -20.1525 -20
655800 -20.4196 -20
655900 -20.563 -20
656000 -20.6012 -20
656100 -20.552 -20
656200 -20.4447 -20
656300 -20.2463 -20
656400 -20.0643 -20
656500 -19.7137 -20
656600 -19.3722 -20
656700 -19.2531 -20
656800 -19.1814 -20
656900 -19.4072 -20
657000 -19.9709 -20
657100 -20.4108 -20
657200 -20.5834 -20
657300 -20.2882 -20
657400 -20.0403 -20
657500 -19.7889 -20
657600 -19.7079 -20
657700 -19.7326 -20
657800 -19.7451 -20
657900 -20.0485 -20
658000 -20.338 -20
658100 -20.5636 -20
658200 -20.6546 -20
658300 -20.3238 -20
658400 -20.0674 -20
658500 -19.7032 -20
658600 -19.3995 -20
658700 -19.2676 -20
658800 -19.3128 -20
658900 -19.5669 -20
659000 -19.5147 -20
659100 -19.3118 -20
659200 -19.1443 -20
659300 -19.2209 -20
659400 -19.6297 -20
659500 -20.1685 -20
659600 -20.41 -20
659700 -20.3992 -20
659800 -20.0428 -20
659900 -19.607 -20
660000 -19.6373 -20
660100 -19.6119 -20
660200 -19.6459 -20
660300 -19.5461 -20
660400 -19.5478 -20
660500 -19.7799 -20
660600 -19.924 -20
660700 -19.9112 -20
660800 -20.1158 -20
660900 -20.4793 -20
661000 -20.5911 -20
661100 -20.594 -20
661200 -20.8994 -20
661300 -21.1478 -20
661400 -21.2912 -20
661500 -21.1669 -20
661600 -20.8249 -20
661700 -20.6555 -20
661800 -20.3617 -20
661900 -20.0705 -20
662000 -19.8329 -20
662100 -19.6633 -20
662200 -19.4629 -20
662300 -19.5163 -20
662400 -19.6989 -20
662500 -19.7734 -20
662600 -19.7132 -20
662700 -19.6864 -20
662800 -19.8067 -20
662900 -20.1927 -20
663000 -20.7616 -20
663100 -21.2749 -20
663200 -21.4114 -20
663300 -21.1547 -20
663400 -20.8786 -20
663500 -20.614 -20
663600 -20.5852 -20
663700 -20.8242 -20
663800 -20.8565 -20
663900 -20.6403 -20
664000 -20.2769 -20
664100 -19.8201 -20
664200 -19.1489 -20
664300 -18.8641 -20
664400 -18.7657 -20
664500 -18.7716 -20
664600 -18.7244 -20
664700 -18.7309 -20
664800 -18.8536 -20
664900 -19.0852 -20
665000 -19.3305 -20
665100 -19.4355 -20
665200 -19.5135 -20
665300 -19.8276 -20
665400 -20.3182 -20
665500 -20.6822 -20
665600 -20.9662 -20
665700 -20.9846 -20
665800 -20.5134 -20
665900 -19.8969 -20
666000 -19.5741 -20
666100 -19.7398 -20
666200 -20.0383 -20
666300 -20.2029 -20
666400 -20.2485 -20
666500 -20.1058 -20
666600 -19.8235 -20
666700 -19.6378 -20
666800 -19.5416 -20
666900 -19.7062 -20
667000 -19.9315 -20
667100 -20.0783 -20
667200 -19.9236 -20
667300 -19.6884 -20
667400 -19.706 -20
667500 -20.0289 -20
667600 -20.3894 -20
667700 -20.4186 -20
667800 -20.4031 -20
667900 -20.3927 -20
668000 -20.0214 -20
668100 -19.6135 -20
668200 -19.5561 -20
668300 -19.7099 -20
668400 -19.8544 -20
668500 -20.0211 -20
668600 -20.1164 -20
668700 -20.1916 -20
668800 -20.5637 -20
668900 -20.8799 -20
669000 -20.8506 -20
669100 -20.977 -20
669200 -21.0712 -20
669300 -20.8993 -20
669400 -20.6366 -20
669500 -20.4471 -20
669600 -20.4537 -20
669700 -20.4044 -20
669800 -20.425 -20
669900 -20.3954 -20
670000 -19.9424 -20
670100 -19.4982 -20
670200 -19.167 -20
670300 -19.0419 -20
670400 -19.122 -20
670500 -19.2486 -20
670600 -19.4927 -20
670700 -19.6134 -20
670800 -19.7608 -20
670900 -20.0371 -20
671000 -20.0117 -20
671100 -20.0965 -20
671200 -20.5174 -20
671300 -21.1876 -20
671400 -21.743 -20
671500 -21.8122 -20
671600 -21.6278 -20
671700 -21.3456 -20
671800 -21.0019 -20
671900 -20.5356 -20
672000 -20.031 -20
672100 -19.4288 -20
672200 -18.9438 -20
672300 -18.8621 -20
672400 -19.1105 -20
672500 -19.1244 -20
672600 -18.97 -20
672700 -18.9215 -20
672800 -19.1549 -20
672900 -19.5998 -20
673000 -19.8686 -20
673100 -19.9946 -20
673200 -20.1182 -20
673300 -20.3716 -20
673400 -20.895 -20
673500 -21.3587 -20
673600 -21.2607 -20
673700 -20.93 -20
673800 -20.6205 -20
673900 -20.2519 -20
674000 -19.8575 -20
674100 -19.6799 -20
674200 -19.6084 -20
674300 -19.7244 -20
674400 -19.8325 -20
674500 -19.8512 -20
674600 -20.0208 -20
674700 -20.1215 -20
674800 -19.8862 -20
674900 -19.7694 -20
675000 -19.605 -20
675100 -19.2927 -20
675200 -19.1397 -20
675300 -19.4124 -20
675400 -19.6477 -20
675500 -19.8467 -20
675600 -19.9835 -20
675700 -20.0759 -20
675800 -20.1687 -20
675900 -20.2499 -20
676000 -20.5294 -20
676100 -20.7204 -20
676200 -20.5572 -20
676300 -20.4029 -20
676400 -20.2269 -20
676500 -20.1754 -20
676600 -20.0673 -20
676700 -20.0352 -20
676800 -19.8539 -20
676900 -19.7289 -20
677000 -19.8343 -20
677100 -20.0967 -20
677200 -20.5755 -20
677300 -20.6562 -20
677400 -20.4868 -20
677500 -20.483 -20
677600 -20.6071 -20
677700 -20.7321 -20
677800 -20.8661 -20
677900 -20.9296 -20
678000 -20.749 -20
678100 -20.6659 -20
678200 -20.4602 -20
678300 -20.3459 -20
678400 -20.1323 -20
678500 -19.7811 -20
678600 -19.7798 -20
678700 -20.1059 -20
678800 -20.1915 -20
678900 -19.9365 -20
679000 -19.3121 -20
679100 -18.929 -20
679200 -18.6811 -20
679300 -18.8068 -20
679400 -19.5586 -20
679500 -20.1041 -20
679600 -20.2949 -20
679700 -20.0008 -20
679800 -19.5473 -20
679900 -19.2863 -20
680000 -19.469 -20
680100 -19.716 -20
680200 -19.9963 -20
680300 -20.2602 -20
680400 -20.1603 -20
680500 -20.1468 -20
680600 -20.2339 -20
680700 -20.065 -20
680800 -19.4479 -20
680900 -18.871 -20
681000 -18.5741 -20
681100 -18.8238 -20
681200 -19.2512 -20
681300 -19.6531 -20
681400 -20.1196 -20
681500 -20.264 -20
681600 -20.1937 -20
681700 -20.259 -20
681800 -20.1346 -20
681900 -19.6814 -20
682000 -19.1005 -20
682100 -18.7684 -20
682200 -18.8521 -20
682300 -19.1448 -20
682400 -19.5864 -20
682500 -19.6342 -20
682600 -19.4501 -20
682700 -19.7831 -20
682800 -20.2036 -20
682900 -20.5681 -20
683000 -20.4977 -20
683100 -20.2328 -20
683200 -19.9902 -20
683300 -19.8094 -20
683400 -19.9376 -20
683500 -20.0814 -20
683600 -20.1619 -20
683700 -20.4384 -20
683800 -20.9036 -20
683900 -20.7135 -20
684000 -20.0624 -20
684100 -19.4903 -20
684200 -19.0887 -20
684300 -19.192 -20
684400 -19.2406 -20
684500 -19.1462 -20
684600 -19.4685 -20
684700 -20.0278 -20
684800 -20.42 -20
684900 -20.7838 -20
685000 -20.9803 -20
685100 -20.8166 -20
685200 -20.7269 -20
685300 -20.5897 -20
685400 -20.2223 -20
685500 -19.6125 -20
685600 -19.1278 -20
685700 -18.9 -20
685800 -18.9716 -20
685900 -19.1012 -20
686000 -19.4414 -20
686100 -19.6486 -20
686200 -19.9079 -20
686300 -20.3444 -20
686400 -20.6437 -20
686500 -20.917 -20
686600 -20.9823 -20
686700 -20.7667 -20
686800 -20.5355 -20
686900 -20.257 -20
687000 -20.0182 -20
687100 -19.9869 -20
687200 -20.0439 -20
687300 -20.1739 -20
687400 -20.3913 -20
687500 -20.5037 -20
687600 -20.0609 -20
687700 -19.5174 -20
687800 -19.3407 -20
687900 -19.6126 -20
688000 -19.8761 -20
688100 -19.9001 -20
688200 -19.8628 -20
688300 -20.115 -20
688400 -20.2619 -20
688500 -19.928 -20
688600 -19.5069 -20
688700 -18.9512 -20
688800 -18.675 -20
688900 -18.5164 -20
689000 -18.5774 -20
689100 -18.7426 -20
689200 -19.0749 -20
689300 -19.3102 -20
689400 -19.6122 -20
689500 -19.678 -20
689600 -19.5858 -20
689700 -19.4101 -20
689800 -19.3205 -20
689900 -19.3194 -20
690000 -19.4976 -20
690100 -19.6146 -20
690200 -19.6365 -20
690300 -19.6433 -20
690400 -19.5272 -20
690500 -19.0996 -20
690600 -18.7699 -20
690700 -18.8364 -20
690800 -19.0026 -20
690900 -18.9397 -20
691000 -18.865 -20
691100 -18.8803 -20
691200 -19.167 -20
691300 -19.652 -20
691400 -19.9636 -20
691500 -20.1343 -20
691600 -20.3079 -20
691700 -20.5278 -20
691800 -20.3714 -20
691900 -20.1466 -20
692000 -20.0417 -20
692100 -19.8542 -20
692200 -19.6179 -20
692300 -19.5696 -20
692400 -19.7191 -20
692500 -20.0117 -20
692600 -20.2988 -20
692700 -20.5 -20
692800 -20.5825 -20
692900 -20.6086 -20
693000 -20.7202 -20
693100 -21.0158 -20
693200 -21.0971 -20
693300 -20.7584 -20
693400 -20.372 -20
693500 -20.0796 -20
693600 -20.0633 -20
693700 -20.1389 -20
693800 -20.268 -20
693900 -20.189 -20
694000 -19.9937 -20
694100 -19.7294 -20
694200 -19.5056 -20
694300 -19.3912 -20
694400 -19.3629 -20
694500 -19.4264 -20
694600 -19.4972 -20
694700 -19.74 -20
694800 -20.0712 -20
694900 -20.1317 -20
695000 -20.1535 -20
695100 -20.233 -20
695200 -20.3497 -20
695300 -20.5219 -20
695400 -20.843 -20
695500 -21.2096 -20
695600 -21.311 -20
695700 -20.8256 -20
695800 -19.8616 -20
695900 -19.0409 -20
696000 -18.86 -20
696100 -18.9636 -20
696200 -19.3635 -20
696300 -19.9298 -20
696400 -20.6403 -20
696500 -21.2803 -20
696600 -21.6895 -20
696700 -21.7323 -20
696800 -21.3631 -20
696900 -20.9882 -20
697000 -21.2363 -20
697100 -21.5465 -20
697200 -21.4779 -20
697300 -21.0261 -20
697400 -20.6182 -20
697500 -20.2963 -20
697600 -20.1383 -20
697700 -19.9317 -20
697800 -19.7408 -20
697900 -19.5575 -20
698000 -19.4097 -20
698100 -19.3491 -20
698200 -19.5416 -20
698300 -19.7133 -20
698400 -19.687 -20
698500 -19.7995 -20
698600 -20.0139 -20
698700 -20.3691 -20
698800 -20.603 -20
698900 -20.6057 -20
699000 -20.4184 -20
699100 -20.2017 -20
699200 -20.078 -20
699300 -19.824 -20
699400 -19.7223 -20
699500 -19.5891 -20
699600 -19.6652 -20
699700 -19.6896 -20
699800 -19.7306 -20
699900 -19.9394 -20
700000 -20.3381 -20
700100 -20.624 -20
700200 -20.7378 -20
700300 -20.6738 -20
700400 -20.4794 -20
700500 -20.285 -20
700600 -19.9821 -20
700700 -19.9638 -20
700800 -20.285 -20
700900 -20.6386 -20
701000 -20.8806 -20
701100 -20.8657 -20
701200 -20.5924 -20
701300 -20.0967 -20
701400 -19.5692 -20
701500 -18.8528 -20
701600 -18.5758 -20
701700 -18.6036 -20
701800 -18.8005 -20
701900 -19.0112 -20
702000 -19.1312 -20
702100 -19.3421 -20
702200 -19.6405 -20
702300 -20.2179 -20
702400 -20.8389 -20
702500 -21.3797 -20
702600 -21.4325 -20
702700 -21.467 -20
702800 -21.4371 -20
702900 -21.0306 -20
703000 -20.4363 -20
703100 -19.9891 -20
703200 -19.834 -20
703300 -19.6661 -20
703400 -19.6103 -20
703500 -19.9727 -20
703600 -20.3515 -20
703700 -20.4154 -20
703800 -19.9854 -20
703900 -19.7159 -20
704000 -19.7156 -20
704100 -20.1375 -20
704200 -20.5119 -20
704300 -20.4921 -20
704400 -20.3084 -20
704500 -20.2633 -20
704600 -20.2632 -20
704700 -20.353 -20
704800 -20.4289 -20
704900 -20.5455 -20
705000 -20.4988 -20
705100 -20.145 -20
705200 -19.9113 -20
705300 -19.61 -20
705400 -19.4365 -20
705500 -19.5311 -20
705600 -19.5472 -20
705700 -19.8403 -20
705800 -20.1267 -20
705900 -20.136 -20
706000 -20.2694 -20
706100 -20.1237 -20
706200 -19.7228 -20
706300 -19.5739 -20
706400 -19.4897 -20
706500 -19.5144 -20
706600 -19.5819 -20
706700 -19.6584 -20
706800 -19.7327 -20
706900 -19.9768 -20
707000 -20.2939 -20
707100 -20.6249 -20
707200 -20.9903 -20
707300 -21.0184 -20
707400 -20.8492 -20
707500 -20.6548 -20
707600 -20.3452 -20
707700 -20.1526 -20
707800 -19.9853 -20
707900 -19.6274 -20
708000 -19.4537 -20
708100 -19.5036 -20
708200 -19.708 -20
708300 -19.8849 -20
708400 -20.1509 -20
708500 -20.4976 -20
708600 -20.4782 -20
708700 -20.278 -20
708800 -20.186 -20
708900 -20.2275 -20
709000 -20.3732 -20
709100 -20.3709 -20
709200 -20.5196 -20
709300 -20.727 -20
709400 -21.0418 -20
709500 -21.2649 -20
709600 -21.1872 -20
709700 -21.0314 -20
709800 -20.9895 -20
709900 -20.9093 -20
710000 -20.4726 -20
