# Time-averaged data for fix myat1
# TimeStep v_xave v_xdes
2710100 19.5216 20
2710200 19.1934 20
2710300 18.961 20
2710400 19.0183 20
2710500 19.3696 20
2710600 19.8426 20
2710700 20.1881 20
2710800 20.485 20
2710900 20.6877 20
2711000 20.4951 20
2711100 20.2462 20
2711200 20.4129 20
2711300 20.6356 20
2711400 20.6751 20
2711500 20.6358 20
2711600 20.5277 20
2711700 20.5856 20
2711800 20.4422 20
2711900 20.1187 20
2712000 19.6871 20
2712100 19.4876 20
2712200 19.3483 20
2712300 19.0512 20
2712400 18.8223 20
2712500 18.7548 20
2712600 18.695 20
2712700 18.9303 20
2712800 19.4107 20
2712900 19.7838 20
2713000 20.286 20
2713100 20.6079 20
2713200 20.7194 20
2713300 20.8304 20
2713400 20.6402 20
2713500 20.1522 20
2713600 19.7095 20
2713700 19.5192 20
2713800 19.4035 20
2713900 19.1912 20
2714000 19.0386 20
2714100 18.8755 20
2714200 18.9755 20
2714300 19.318 20
2714400 19.6817 20
2714500 19.9706 20
2714600 20.2006 20
2714700 20.2803 20
2714800 19.7803 20
2714900 19.3297 20
2715000 19.337 20
2715100 19.5778 20
2715200 19.8945 20
2715300 20.1894 20
2715400 20.2412 20
2715500 20.1111 20
2715600 19.9617 20
2715700 19.9753 20
2715800 20.1716 20
2715900 20.4057 20
2716000 20.2827 20
2716100 20.0336 20
2716200 19.4983 20
2716300 18.8968 20
2716400 18.7215 20
2716500 18.9296 20
2716600 19.4321 20
2716700 19.789 20
2716800 20.0159 20
2716900 20.3465 20
2717000 20.9344 20
2717100 21.264 20
2717200 21.3184 20
2717300 21.3073 20
2717400 20.8698 20
2717500 20.3452 20
2717600 19.9046 20
2717700 19.6301 20
2717800 19.5456 20
2717900 19.4922 20
2718000 19.5519 20
2718100 19.915 20
2718200 20.4098 20
2718300 20.6899 20
2718400 20.8482 20
2718500 20.7557 20
2718600 20.4238 20
2718700 19.8496 20
2718800 19.4861 20
2718900 19.504 20
2719000 19.6536 20
2719100 19.9774 20
2719200 20.2547 20
2719300 20.8308 20
2719400 21.3392 20
2719500 21.6032 20
2719600 21.3247 20
2719700 20.8357 20
2719800 19.9913 20
2719900 19.0646 20
2720000 18.3691 20
2720100 18.0757 20
2720200 17.9461 20
2720300 18.2706 20
2720400 18.6255 20
2720500 18.9497 20
2720600 19.1097 20
2720700 19.1424 20
2720800 19.3682 20
2720900 19.6966 20
2721000 20.0485 20
2721100 20.3437 20
2721200 20.7456 20
2721300 20.9777 20
2721400 20.794 20
2721500 20.3892 20
2721600 19.9272 20
2721700 19.6184 20
2721800 19.486 20
2721900 19.6901 20
2722000 19.9381 20
2722100 20.2262 20
2722200 20.5773 20
2722300 20.5967 20
2722400 20.2624 20
2722500 19.9112 20
2722600 19.5083 20
2722700 19.19 20
2722800 19.2077 20
2722900 19.4861 20
2723000 19.966 20
2723100 20.1849 20
2723200 20.315 20
2723300 20.392 20
2723400 20.4419 20
2723500 20.6645 20
2723600 20.8622 20
2723700 21.0868 20
2723800 21.1169 20
2723900 21.1014 20
2724000 21.046 20
2724100 20.6353 20
2724200 20.0908 20
2724300 20.0981 20
2724400 20.2234 20
2724500 20.4062 20
2724600 20.5427 20
2724700 20.6437 20
2724800 20.9244 20
2724900 21.1688 20
2725000 21.1139 20
2725100 20.9244 20
2725200 20.6169 20
2725300 20.3375 20
2725400 20.2526 20
2725500 20.3844 20
2725600 20.6512 20
2725700 20.6294 20
2725800 20.5733 20
2725900 20.4419 20
2726000 20.1438 20
2726100 19.8691 20
2726200 19.7367 20
2726300 19.797 20
2726400 20.0092 20
2726500 20.3038 20
2726600 20.5346 20
2726700 20.6358 20
2726800 20.7719 20
2726900 20.8834 20
2727000 20.9739 20
2727100 21.1459 20
2727200 21.2626 20
2727300 21.0247 20
2727400 20.3528 20
2727500 19.65 20
2727600 19.3282 20
2727700 19.3311 20
2727800 19.2956 20
2727900 19.3819 20
2728000 19.679 20
2728100 19.6806 20
2728200 19.5443 20
2728300 19.4684 20
2728400 19.4915 20
2728500 19.4408 20
2728600 19.235 20
2728700 19.1776 20
2728800 19.3827 20
2728900 19.9238 20
2729000 20.5242 20
2729100 21.0526 20
2729200 21.2127 20
2729300 20.8515 20
2729400 20.4925 20
2729500 20.2483 20
2729600 19.8933 20
2729700 19.6039 20
2729800 19.6541 20
2729900 20.0549 20
2730000 20.18 20
2730100 20.1299 20
2730200 19.9717 20
2730300 19.8758 20
2730400 19.8774 20
2730500 19.7715 20
2730600 19.5836 20
2730700 19.4197 20
2730800 19.4053 20
2730900 19.2656 20
2731000 19.2049 20
2731100 19.498 20
2731200 19.8917 20
2731300 20.3501 20
2731400 20.6432 20
2731500 20.5991 20
2731600 20.5203 20
2731700 20.5763 20
2731800 20.6623 20
2731900 20.5048 20
2732000 20.0698 20
2732100 19.6164 20
2732200 19.3616 20
2732300 19.1437 20
2732400 19.1172 20
2732500 19.3094 20
2732600 19.6716 20
2732700 20.1051 20
2732800 20.4283 20
2732900 20.4595 20
2733000 20.2141 20
2733100 19.921 20
2733200 19.7182 20
2733300 19.54 20
2733400 19.466 20
2733500 19.5208 20
2733600 19.7193 20
2733700 19.8811 20
2733800 20.165 20
2733900 20.4324 20
2734000 20.9589 20
2734100 21.3441 20
2734200 21.2643 20
2734300 21.0788 20
2734400 20.9178 20
2734500 20.7885 20
2734600 20.4672 20
2734700 20.2097 20
2734800 19.9319 20
2734900 19.6759 20
2735000 19.5719 20
2735100 19.4902 20
2735200 19.5515 20
2735300 19.7996 20
2735400 20.0446 20
2735500 19.9739 20
2735600 19.8027 20
2735700 19.622 20
2735800 19.4128 20
2735900 19.4681 20
2736000 19.8455 20
2736100 20.1517 20
2736200 20.1689 20
2736300 20.2253 20
2736400 20.2547 20
2736500 19.8691 20
2736600 19.2303 20
2736700 18.5638 20
2736800 18.2246 20
2736900 18.2455 20
2737000 18.6063 20
2737100 19.357 20
2737200 19.9617 20
2737300 20.4483 20
2737400 20.7264 20
2737500 20.6715 20
2737600 20.5831 20
2737700 20.4441 20
2737800 20.2015 20
2737900 19.969 20
2738000 19.9356 20
2738100 19.8969 20
2738200 19.9002 20
2738300 19.8557 20
2738400 19.9248 20
2738500 19.7166 20
2738600 19.3576 20
2738700 19.3952 20
2738800 19.7131 20
2738900 19.9162 20
2739000 20.1151 20
2739100 20.118 20
2739200 20.0717 20
2739300 20.1787 20
2739400 19.8458 20
2739500 19.6612 20
2739600 19.8945 20
2739700 19.9355 20
2739800 19.897 20
2739900 19.8124 20
2740000 19.9534 20
2740100 20.1099 20
2740200 20.1124 20
2740300 19.9735 20
2740400 19.8186 20
2740500 19.9514 20
2740600 20.2864 20
2740700 20.6823 20
2740800 21.0322 20
2740900 21.3234 20
2741000 21.3217 20
2741100 20.9136 20
2741200 20.5312 20
2741300 20.2167 20
2741400 20.0671 20
2741500 19.7198 20
2741600 19.5193 20
2741700 19.6026 20
2741800 19.7343 20
2741900 19.768 20
2742000 19.7045 20
2742100 19.5197 20
2742200 19.4412 20
2742300 19.3787 20
2742400 18.9982 20
2742500 18.6549 20
2742600 18.7434 20
2742700 18.9555 20
2742800 19.1368 20
2742900 19.3634 20
2743000 19.5479 20
2743100 19.6044 20
2743200 19.9744 20
2743300 20.5213 20
2743400 21.2787 20
2743500 21.7303 20
2743600 21.7168 20
2743700 21.3888 20
2743800 20.9528 20
2743900 20.7705 20
2744000 20.3961 20
2744100 20.1838 20
2744200 20.2372 20
2744300 20.3309 20
2744400 20.3627 20
2744500 20.4589 20
2744600 20.3733 20
2744700 20.502 20
2744800 20.5907 20
2744900 20.5873 20
2745000 20.5764 20
2745100 20.4915 20
2745200 20.2536 20
2745300 20.0229 20
2745400 19.8309 20
2745500 19.6261 20
2745600 19.8126 20
2745700 20.2356 20
2745800 20.7103 20
2745900 20.8651 20
2746000 20.7417 20
2746100 20.4526 20
2746200 20.1257 20
2746300 20.3403 20
2746400 20.7986 20
2746500 21.0595 20
2746600 21.0512 20
2746700 20.9425 20
2746800 20.9354 20
2746900 20.7571 20
2747000 20.2966 20
2747100 20.0385 20
2747200 19.9366 20
2747300 19.9945 20
2747400 20.1459 20
2747500 20.0477 20
2747600 19.7567 20
2747700 19.334 20
2747800 19.0697 20
2747900 19.0209 20
2748000 19.3075 20
2748100 19.5288 20
2748200 19.8177 20
2748300 20.2484 20
2748400 20.4333 20
2748500 20.4123 20
2748600 20.4187 20
2748700 20.1046 20
2748800 20.0075 20
2748900 20.0389 20
2749000 19.9847 20
2749100 19.9327 20
2749200 19.9094 20
2749300 19.8068 20
2749400 19.6625 20
2749500 19.6349 20
2749600 19.5956 20
2749700 19.5266 20
2749800 19.3689 20
2749900 19.3367 20
2750000 19.3948 20
2750100 19.278 20
2750200 19.0947 20
2750300 18.9938 20
2750400 19.0227 20
2750500 19.1654 20
2750600 19.6044 20
2750700 20.143 20
2750800 20.3541 20
2750900 20.35 20
2751000 20.4077 20
2751100 20.2138 20
2751200 19.8702 20
2751300 19.7777 20
2751400 19.8764 20
2751500 20.0229 20
2751600 20.0978 20
2751700 20.2831 20
2751800 20.3693 20
2751900 20.2957 20
2752000 20.3121 20
2752100 20.7826 20
2752200 21.0709 20
2752300 21.1333 20
2752400 20.866 20
2752500 20.4571 20
2752600 20.0782 20
2752700 19.9277 20
2752800 19.7961 20
2752900 19.8704 20
2753000 20.0249 20
2753100 20.0779 20
2753200 20.1751 20
2753300 20.3519 20
2753400 20.4026 20
2753500 20.3186 20
2753600 20.1924 20
2753700 20.1375 20
2753800 20.5325 20
2753900 20.8912 20
2754000 21.1702 20
2754100 21.4018 20
2754200 21.313 20
2754300 21.1074 20
2754400 20.8521 20
2754500 20.5979 20
2754600 20.389 20
2754700 20.3363 20
2754800 20.3189 20
2754900 20.0865 20
2755000 19.7117 20
2755100 19.8938 20
2755200 20.5091 20
2755300 21.099 20
2755400 21.5705 20
2755500 21.952 20
2755600 22.3095 20
2755700 22.1569 20
2755800 21.692 20
2755900 20.931 20
2756000 20.052 20
2756100 19.4852 20
2756200 19.3678 20
2756300 19.3754 20
2756400 19.4641 20
2756500 19.3718 20
2756600 19.4335 20
2756700 19.6305 20
2756800 19.8719 20
2756900 20.0277 20
2757000 20.0504 20
2757100 20.0497 20
2757200 20.1357 20
2757300 20.2026 20
2757400 20.1691 20
2757500 19.9817 20
2757600 19.8297 20
2757700 19.8313 20
2757800 19.7028 20
2757900 19.7182 20
2758000 19.6306 20
2758100 19.5099 20
2758200 19.6257 20
2758300 19.8628 20
2758400 20.2029 20
2758500 20.6386 20
2758600 21.3411 20
2758700 21.9558 20
2758800 21.9828 20
2758900 21.6756 20
2759000 21.1386 20
2759100 20.6302 20
2759200 20.3833 20
2759300 20.033 20
2759400 19.9591 20
2759500 19.9674 20
2759600 19.9792 20
2759700 19.9081 20
2759800 19.9665 20
2759900 20.0378 20
2760000 19.9951 20
2760100 19.851 20
2760200 19.6756 20
2760300 19.7852 20
2760400 20.3189 20
2760500 20.8504 20
2760600 20.9574 20
2760700 20.8622 20
2760800 20.5989 20
2760900 20.2886 20
2761000 20.0474 20
2761100 20.1344 20
2761200 20.0555 20
2761300 20.222 20
2761400 20.6791 20
2761500 20.8522 20
2761600 20.7092 20
2761700 20.4821 20
2761800 20.3228 20
2761900 20.0152 20
2762000 19.5364 20
2762100 19.1638 20
2762200 18.9078 20
2762300 18.8474 20
2762400 19.303 20
2762500 19.6752 20
2762600 19.6813 20
2762700 19.6614 20
2762800 19.9971 20
2762900 20.3699 20
2763000 20.6503 20
2763100 20.5455 20
2763200 20.2459 20
2763300 19.7816 20
2763400 19.5164 20
2763500 19.3672 20
2763600 19.415 20
2763700 19.767 20
2763800 20.1103 20
2763900 20.2619 20
2764000 20.3464 20
2764100 20.1569 20
2764200 19.8569 20
2764300 19.7099 20
2764400 19.4739 20
2764500 19.2888 20
2764600 19.0362 20
2764700 18.9778 20
2764800 19.3433 20
2764900 19.7646 20
2765000 19.9041 20
2765100 19.867 20
2765200 19.9708 20
2765300 20.1432 20
2765400 20.1471 20
2765500 19.9156 20
2765600 19.7921 20
2765700 19.6739 20
2765800 19.8144 20
2765900 19.9564 20
2766000 20.0544 20
2766100 20.1219 20
2766200 19.822 20
2766300 19.7496 20
2766400 19.9157 20
2766500 20.1156 20
2766600 19.9966 20
2766700 19.7137 20
2766800 19.535 20
2766900 19.5819 20
2767000 19.7892 20
2767100 19.8889 20
2767200 19.9383 20
2767300 19.9573 20
2767400 19.9498 20
2767500 20.1628 20
2767600 20.2245 20
2767700 19.8798 20
2767800 19.5278 20
2767900 19.3039 20
2768000 19.2657 20
2768100 19.6261 20
2768200 20.2046 20
2768300 20.733 20
2768400 21.0084 20
2768500 20.903 20
2768600 20.5905 20
2768700 20.177 20
2768800 19.7211 20
2768900 19.6605 20
2769000 19.8684 20
2769100 20.4669 20
2769200 20.9899 20
2769300 20.9692 20
2769400 20.4734 20
2769500 20.0084 20
2769600 20.0345 20
2769700 20.1071 20
2769800 19.9952 20
2769900 19.8263 20
2770000 19.7603 20
2770100 19.7576 20
2770200 19.7756 20
2770300 19.6675 20
2770400 19.67 20
2770500 19.8568 20
2770600 20.0971 20
2770700 20.2787 20
2770800 20.4144 20
2770900 20.3401 20
2771000 20.0798 20
2771100 20.0209 20
2771200 19.9884 20
2771300 20.0103 20
2771400 19.9941 20
2771500 19.8782 20
2771600 19.8309 20
2771700 19.7615 20
2771800 19.7801 20
2771900 19.9561 20
2772000 20.1497 20
2772100 20.224 20
2772200 19.8573 20
2772300 19.3374 20
2772400 19.1097 20
2772500 19.2675 20
2772600 19.7023 20
2772700 20.1453 20
2772800 20.1075 20
2772900 19.7909 20
2773000 19.5881 20
2773100 19.7765 20
2773200 19.9062 20
2773300 20.0392 20
2773400 20.3144 20
2773500 20.5114 20
2773600 20.467 20
2773700 20.3475 20
2773800 20.4559 20
2773900 20.3388 20
2774000 19.9769 20
2774100 19.4997 20
2774200 19.0831 20
2774300 18.9591 20
2774400 18.9995 20
2774500 19.2233 20
2774600 19.4635 20
2774700 19.7879 20
2774800 20.3544 20
2774900 21.0813 20
2775000 21.4324 20
2775100 21.4618 20
2775200 21.3222 20
2775300 20.8277 20
2775400 20.1218 20
2775500 19.7965 20
2775600 19.2238 20
2775700 18.9548 20
2775800 18.9609 20
2775900 18.8074 20
2776000 18.778 20
2776100 19.0675 20
2776200 19.2804 20
2776300 19.419 20
2776400 19.674 20
2776500 19.9448 20
2776600 20.0755 20
2776700 20.4359 20
2776800 21.0224 20
2776900 21.2168 20
2777000 21.2574 20
2777100 21.0017 20
2777200 20.7972 20
2777300 20.8592 20
2777400 20.8388 20
2777500 20.556 20
2777600 20.498 20
2777700 20.5784 20
2777800 20.6055 20
2777900 20.6008 20
2778000 20.4941 20
2778100 20.4109 20
2778200 20.3385 20
2778300 20.3869 20
2778400 20.6863 20
2778500 20.8965 20
2778600 20.7954 20
2778700 20.4726 20
2778800 20.2255 20
2778900 20.2545 20
2779000 20.1507 20
2779100 20.0851 20
2779200 20.2668 20
2779300 20.4051 20
2779400 20.3676 20
2779500 20.3472 20
2779600 20.521 20
2779700 20.4842 20
2779800 20.2734 20
2779900 19.9286 20
2780000 19.7896 20
2780100 19.9182 20
2780200 20.0537 20
2780300 20.1087 20
2780400 20.2845 20
2780500 20.3935 20
2780600 20.4397 20
2780700 20.6124 20
2780800 20.5502 20
2780900 20.414 20
2781000 20.1904 20
2781100 19.7783 20
2781200 19.4704 20
2781300 19.3691 20
2781400 19.4826 20
2781500 19.6806 20
2781600 19.7488 20
2781700 19.8081 20
2781800 20.0388 20
2781900 20.0296 20
2782000 20.1605 20
2782100 20.2425 20
2782200 20.1988 20
2782300 20.0601 20
2782400 20.0774 20
2782500 19.9184 20
2782600 19.8804 20
2782700 19.9885 20
2782800 20.1378 20
2782900 20.3521 20
2783000 20.6424 20
2783100 20.7291 20
2783200 20.2982 20
2783300 19.8762 20
2783400 19.9283 20
2783500 20.2192 20
2783600 20.3626 20
2783700 20.1621 20
2783800 20.0302 20
2783900 20.1068 20
2784000 20.0706 20
2784100 19.9859 20
2784200 20.1078 20
2784300 20.5121 20
2784400 20.7253 20
2784500 20.5895 20
2784600 20.3879 20
2784700 20.0821 20
2784800 19.55 20
2784900 19.0776 20
2785000 18.972 20
2785100 18.9071 20
2785200 18.6936 20
2785300 18.7351 20
2785400 19.1158 20
2785500 19.5888 20
2785600 20.0578 20
2785700 20.7018 20
2785800 21.0895 20
2785900 21.5921 20
2786000 22.065 20
2786100 22.2504 20
2786200 22.236 20
2786300 22.0733 20
2786400 21.6418 20
2786500 20.8458 20
2786600 19.7566 20
2786700 19.2363 20
2786800 19.3317 20
2786900 19.6176 20
2787000 19.5834 20
2787100 19.2086 20
2787200 18.9205 20
2787300 18.7372 20
2787400 18.7682 20
2787500 19.0524 20
2787600 19.1944 20
2787700 19.043 20
2787800 18.8827 20
2787900 19.0552 20
2788000 19.452 20
2788100 19.9968 20
2788200 20.3861 20
2788300 20.7699 20
2788400 20.9662 20
2788500 20.6066 20
2788600 19.9764 20
2788700 19.6645 20
2788800 19.6414 20
2788900 19.4587 20
2789000 19.4188 20
2789100 19.5586 20
2789200 19.7919 20
2789300 19.9006 20
2789400 19.959 20
2789500 20.139 20
2789600 20.5622 20
2789700 20.8844 20
2789800 20.9029 20
2789900 20.6251 20
2790000 20.3729 20
2790100 20.2648 20
2790200 20.1944 20
2790300 19.8704 20
2790400 19.8329 20
2790500 20.0371 20
2790600 20.2524 20
2790700 20.2783 20
2790800 20.0955 20
2790900 19.5169 20
2791000 19.032 20
2791100 18.8714 20
2791200 19.0747 20
2791300 19.4723 20
2791400 20.1339 20
2791500 20.9941 20
2791600 21.7591 20
2791700 22.1356 20
2791800 21.9909 20
2791900 21.5734 20
2792000 21.0256 20
2792100 20.4991 20
2792200 19.9148 20
2792300 19.2927 20
2792400 19.0641 20
2792500 19.0295 20
2792600 19.1482 20
2792700 19.2501 20
2792800 19.3985 20
2792900 19.8237 20
2793000 20.4422 20
2793100 21.0314 20
2793200 21.2171 20
2793300 21.0121 20
2793400 20.7689 20
2793500 20.7802 20
2793600 21.0455 20
2793700 20.8383 20
2793800 20.2137 20
2793900 19.621 20
2794000 19.3164 20
2794100 19.4534 20
2794200 19.5811 20
2794300 19.5825 20
2794400 19.6567 20
2794500 19.7563 20
2794600 19.7771 20
2794700 20.0449 20
2794800 20.2928 20
2794900 20.4713 20
2795000 20.4741 20
2795100 20.2531 20
2795200 20.0001 20
2795300 19.8769 20
2795400 19.9225 20
2795500 20.1497 20
2795600 20.514 20
2795700 20.7308 20
2795800 20.5879 20
2795900 20.0265 20
2796000 19.1715 20
2796100 18.2106 20
2796200 17.6873 20
2796300 17.572 20
2796400 17.5983 20
2796500 17.6742 20
2796600 18.1593 20
2796700 18.6464 20
2796800 18.9587 20
2796900 19.018 20
2797000 19.3137 20
2797100 19.6357 20
2797200 20.1222 20
2797300 20.4361 20
2797400 20.5611 20
2797500 20.4769 20
2797600 20.2908 20
2797700 20.1778 20
2797800 20.0173 20
2797900 19.8774 20
2798000 19.6994 20
2798100 19.5117 20
2798200 19.29 20
2798300 19.2087 20
2798400 19.241 20
2798500 19.3087 20
2798600 19.357 20
2798700 19.2311 20
2798800 19.4352 20
2798900 19.7787 20
2799000 20.2329 20
2799100 20.3008 20
2799200 20.1268 20
2799300 20.127 20
2799400 20.083 20
2799500 19.7999 20
2799600 19.7244 20
2799700 20.0453 20
2799800 20.2324 20
2799900 20.0269 20
2800000 19.5056 20
2800100 19.2383 20
2800200 19.1158 20
2800300 19.2834 20
2800400 19.4386 20
2800500 19.599 20
2800600 19.8405 20
2800700 20.1341 20
2800800 20.2644 20
2800900 20.2066 20
2801000 20.1152 20
2801100 20.2154 20
2801200 20.4745 20
2801300 20.5046 20
2801400 20.5801 20
2801500 20.7505 20
2801600 20.8585 20
2801700 20.9779 20
2801800 20.8174 20
2801900 20.768 20
2802000 20.6872 20
2802100 20.4161 20
2802200 20.2351 20
2802300 20.0699 20
2802400 19.8965 20
2802500 19.7634 20
2802600 19.972 20
2802700 20.4113 20
2802800 20.866 20
2802900 20.8861 20
2803000 20.8727 20
2803100 21.11 20
2803200 21.1372 20
2803300 21.1648 20
2803400 21.0552 20
2803500 20.6744 20
2803600 20.2238 20
2803700 20.0089 20
2803800 19.9861 20
2803900 20.184 20
2804000 20.3304 20
2804100 20.3224 20
2804200 20.2237 20
2804300 19.932 20
2804400 19.7577 20
2804500 19.8153 20
2804600 19.8215 20
2804700 19.779 20
2804800 20.0382 20
2804900 20.2532 20
2805000 20.0719 20
2805100 19.6809 20
2805200 19.2937 20
2805300 19.1009 20
2805400 19.2726 20
2805500 19.4129 20
2805600 19.7037 20
2805700 19.826 20
2805800 19.868 20
2805900 19.9876 20
2806000 19.9687 20
2806100 20.2366 20
2806200 20.4708 20
2806300 20.3785 20
2806400 20.0561 20
2806500 19.6656 20
2806600 19.5836 20
2806700 19.7672 20
2806800 20.0685 20
2806900 20.4886 20
2807000 20.5507 20
2807100 20.1473 20
2807200 19.5376 20
2807300 19.2124 20
2807400 19.3808 20
2807500 19.5654 20
2807600 19.3572 20
2807700 18.9853 20
2807800 18.6383 20
2807900 18.5039 20
2808000 18.6228 20
2808100 19.0659 20
2808200 19.6975 20
2808300 20.1631 20
2808400 20.7763 20
2808500 21.305 20
2808600 21.2584 20
2808700 21.1039 20
2808800 21.0171 20
2808900 20.9612 20
2809000 20.7872 20
2809100 20.5418 20
2809200 20.2238 20
2809300 19.8243 20
2809400 19.7429 20
2809500 19.7274 20
2809600 19.6571 20
2809700 19.6431 20
2809800 19.5931 20
2809900 19.7074 20
2810000 20.0265 20
2810100 20.7305 20
2810200 21.2634 20
2810300 21.177 20
2810400 20.4381 20
2810500 19.3816 20
2810600 18.686 20
2810700 18.5258 20
2810800 18.7281 20
2810900 18.8145 20
2811000 18.7577 20
2811100 19.0482 20
2811200 19.6849 20
2811300 20.108 20
2811400 20.3558 20
2811500 20.3639 20
2811600 20.5443 20
2811700 20.5518 20
2811800 20.3299 20
2811900 20.1088 20
2812000 20.181 20
2812100 20.3482 20
2812200 20.5128 20
2812300 20.7427 20
2812400 21.0673 20
2812500 21.06 20
2812600 20.9073 20
2812700 20.777 20
2812800 20.6816 20
2812900 20.7092 20
2813000 20.8704 20
2813100 20.6383 20
2813200 20.1684 20
2813300 19.6882 20
2813400 19.0921 20
2813500 18.6212 20
2813600 18.5565 20
2813700 18.7937 20
2813800 19.2823 20
2813900 19.6015 20
2814000 19.6677 20
2814100 19.6093 20
2814200 19.4585 20
2814300 19.3338 20
2814400 19.2448 20
2814500 19.2703 20
2814600 19.5576 20
2814700 19.8523 20
2814800 20.1569 20
2814900 20.3208 20
2815000 20.359 20
2815100 20.3142 20
2815200 20.3327 20
2815300 20.331 20
2815400 20.3379 20
2815500 20.2824 20
2815600 20.2103 20
2815700 20.2685 20
2815800 20.1474 20
2815900 20.1184 20
2816000 20.1789 20
2816100 20.3982 20
2816200 20.57 20
2816300 20.5018 20
2816400 20.1947 20
2816500 19.8893 20
2816600 19.6633 20
2816700 19.5331 20
2816800 19.3836 20
2816900 19.3477 20
2817000 19.5589 20
2817100 19.5146 20
2817200 19.4404 20
2817300 19.6172 20
2817400 20.0164 20
2817500 20.201 20
2817600 20.0925 20
2817700 19.9829 20
2817800 20.1592 20
2817900 20.4233 20
2818000 20.5553 20
2818100 20.7024 20
2818200 21.0785 20
2818300 21.2126 20
2818400 21.0557 20
2818500 20.9346 20
2818600 20.7564 20
2818700 20.4851 20
2818800 20.2039 20
2818900 20.0033 20
2819000 19.8172 20
2819100 19.733 20
2819200 19.7787 20
2819300 19.6751 20
2819400 19.6193 20
2819500 19.3013 20
2819600 19.0753 20
2819700 19.1772 20
2819800 19.3758 20
2819900 19.7452 20
2820000 20.027 20
2820100 20.1325 20
2820200 20.1417 20
2820300 20.437 20
2820400 20.7491 20
2820500 20.8392 20
2820600 20.9115 20
2820700 20.7895 20
2820800 20.6184 20
2820900 20.4562 20
2821000 20.5456 20
2821100 20.6218 20
2821200 20.6546 20
2821300 20.5733 20
2821400 20.3504 20
2821500 20.0816 20
2821600 20.0109 20
2821700 20.0374 20
2821800 20.1359 20
2821900 20.2613 20
2822000 20.3028 20
2822100 20.171 20
2822200 20.2427 20
2822300 20.1851 20
2822400 19.8036 20
2822500 19.3219 20
2822600 19.3014 20
2822700 19.5026 20
2822800 19.7749 20
2822900 19.9185 20
2823000 20.222 20
2823100 20.5243 20
2823200 20.7235 20
2823300 20.9475 20
2823400 21.1915 20
2823500 21.1978 20
2823600 21.0304 20
2823700 20.9133 20
2823800 20.7209 20
2823900 20.531 20
2824000 20.3381 20
2824100 20.0367 20
2824200 20.1484 20
2824300 20.4547 20
2824400 20.9028 20
2824500 21.2699 20
2824600 21.3201 20
2824700 21.4556 20
2824800 21.5571 20
2824900 21.5727 20
2825000 21.4608 20
2825100 21.1989 20
2825200 20.8125 20
2825300 20.2427 20
2825400 19.7111 20
2825500 19.5469 20
2825600 19.6326 20
2825700 20.1979 20
2825800 20.7396 20
2825900 21.1578 20
2826000 21.4607 20
2826100 21.3649 20
2826200 21.1366 20
2826300 20.8689 20
2826400 20.9875 20
2826500 21.1381 20
2826600 21.2194 20
2826700 21.2773 20
2826800 21.4554 20
2826900 21.7037 20
2827000 21.9518 20
2827100 21.9187 20
2827200 21.3124 20
2827300 20.5775 20
2827400 19.8694 20
2827500 19.1525 20
2827600 18.6533 20
2827700 18.3928 20
2827800 18.5145 20
2827900 18.6023 20
2828000 18.6939 20
2828100 18.6053 20
2828200 18.8592 20
2828300 19.1433 20
2828400 19.4581 20
2828500 19.9684 20
2828600 20.5053 20
2828700 20.709 20
2828800 20.7817 20
2828900 21.0037 20
2829000 21.0724 20
2829100 20.8688 20
2829200 20.578 20
2829300 20.4337 20
2829400 20.2158 20
2829500 19.7884 20
2829600 19.6008 20
2829700 19.3575 20
2829800 18.9057 20
2829900 18.6285 20
2830000 18.6859 20
2830100 19.0395 20
2830200 19.276 20
2830300 19.5172 20
2830400 19.7739 20
2830500 20.0196 20
2830600 20.0402 20
2830700 20.0237 20
2830800 19.9265 20
2830900 19.7106 20
2831000 19.6885 20
2831100 19.5953 20
2831200 19.6137 20
2831300 19.8402 20
2831400 20.2019 20
2831500 20.5204 20
2831600 20.8052 20
2831700 20.8119 20
2831800 20.6231 20
2831900 20.5573 20
2832000 20.4612 20
2832100 20.1928 20
2832200 19.635 20
2832300 19.2061 20
2832400 18.9022 20
2832500 18.598 20
2832600 18.5127 20
2832700 18.726 20
2832800 19.1094 20
2832900 19.6183 20
2833000 20.2789 20
2833100 20.8801 20
2833200 21.3137 20
2833300 21.4629 20
2833400 21.2142 20
2833500 20.7852 20
2833600 20.4287 20
2833700 20.3866 20
2833800 20.5142 20
2833900 20.6485 20
2834000 20.7355 20
2834100 20.7903 20
2834200 20.8487 20
2834300 20.7459 20
2834400 20.52 20
2834500 20.2132 20
2834600 19.819 20
2834700 19.4574 20
2834800 19.3362 20
2834900 19.1828 20
2835000 18.8913 20
2835100 18.8516 20
2835200 19.0083 20
2835300 19.4705 20
2835400 20.2124 20
2835500 20.6002 20
2835600 20.9084 20
2835700 21.1614 20
2835800 21.1757 20
2835900 21.0228 20
2836000 20.8231 20
2836100 20.6123 20
2836200 20.2846 20
2836300 20.1337 20
2836400 20.296 20
2836500 20.678 20
2836600 20.9696 20
2836700 20.9982 20
2836800 20.3995 20
2836900 19.8232 20
2837000 19.3908 20
2837100 19.1005 20
2837200 18.7187 20
2837300 18.502 20
2837400 18.3849 20
2837500 18.6351 20
2837600 19.1567 20
2837700 19.5838 20
2837800 20.0889 20
2837900 20.5559 20
2838000 20.7485 20
2838100 20.628 20
2838200 20.5298 20
2838300 20.2376 20
2838400 19.9628 20
2838500 19.7216 20
2838600 19.6531 20
2838700 19.7348 20
2838800 19.6698 20
2838900 19.7017 20
2839000 19.7077 20
2839100 19.9743 20
2839200 20.0301 20
2839300 19.8678 20
2839400 19.6413 20
2839500 19.7338 20
2839600 19.9078 20
2839700 19.991 20
2839800 20.2214 20
2839900 20.5471 20
2840000 20.7121 20
2840100 20.5547 20
2840200 20.1715 20
2840300 19.8109 20
2840400 19.8693 20
2840500 20.3501 20
2840600 20.7719 20
2840700 20.868 20
2840800 20.8553 20
2840900 20.9989 20
2841000 21.3483 20
2841100 21.2095 20
2841200 20.8413 20
2841300 20.0183 20
2841400 19.1603 20
2841500 18.6842 20
2841600 18.3621 20
2841700 18.0022 20
2841800 17.7627 20
2841900 18.0037 20
2842000 18.4893 20
2842100 18.7511 20
2842200 18.862 20
2842300 19.3835 20
2842400 19.9755 20
2842500 20.1076 20
2842600 20.3387 20
2842700 20.6049 20
2842800 20.6736 20
2842900 20.5434 20
2843000 20.418 20
2843100 20.2902 20
2843200 19.9889 20
2843300 19.5142 20
2843400 19.1234 20
2843500 18.8415 20
2843600 18.707 20
2843700 18.7205 20
2843800 18.9427 20
2843900 19.342 20
2844000 19.7632 20
2844100 19.7625 20
2844200 19.9234 20
2844300 20.2109 20
2844400 20.6291 20
2844500 20.9813 20
2844600 20.9831 20
2844700 20.9422 20
2844800 20.9068 20
2844900 20.7844 20
2845000 20.6216 20
2845100 20.4559 20
2845200 20.0057 20
2845300 19.5689 20
2845400 19.0579 20
2845500 18.6602 20
2845600 18.2778 20
2845700 18.2637 20
2845800 18.4308 20
2845900 18.8027 20
2846000 19.2789 20
2846100 19.7581 20
2846200 20.1743 20
2846300 20.5003 20
2846400 20.7771 20
2846500 20.9589 20
2846600 21.0374 20
2846700 20.9445 20
2846800 20.6386 20
2846900 20.3501 20
2847000 20.3015 20
2847100 20.4085 20
2847200 20.3725 20
2847300 20.132 20
2847400 19.8977 20
2847500 19.8031 20
2847600 19.8277 20
2847700 19.5754 20
2847800 19.0876 20
2847900 19.0026 20
2848000 19.4757 20
2848100 20.2636 20
2848200 20.9466 20
2848300 21.1963 20
2848400 21.0139 20
2848500 20.7636 20
2848600 20.5576 20
2848700 20.2707 20
2848800 20.1498 20
2848900 19.9694 20
2849000 19.9704 20
2849100 20.1947 20
2849200 20.4142 20
2849300 20.4644 20
2849400 20.4102 20
2849500 20.5587 20
2849600 20.5725 20
2849700 20.3294 20
2849800 20.1166 20
2849900 19.6563 20
2850000 19.265 20
2850100 18.862 20
2850200 18.8335 20
2850300 19.0367 20
2850400 19.3619 20
2850500 19.6565 20
2850600 19.8149 20
2850700 20.1509 20
2850800 20.6723 20
2850900 20.8758 20
2851000 20.7671 20
2851100 20.518 20
2851200 20.2114 20
2851300 19.947 20
2851400 19.7594 20
2851500 20.0216 20
2851600 20.1895 20
2851700 20.1649 20
2851800 19.8707 20
2851900 19.5427 20
2852000 19.53 20
2852100 19.7998 20
2852200 20.3227 20
2852300 20.8666 20
2852400 21.3744 20
2852500 21.4222 20
2852600 21.2762 20
2852700 21.0897 20
2852800 21.1951 20
2852900 21.0118 20
2853000 20.6571 20
2853100 20.5486 20
2853200 20.5305 20
2853300 20.242 20
2853400 19.9435 20
2853500 19.808 20
2853600 19.9552 20
2853700 20.2349 20
2853800 20.5969 20
2853900 20.8734 20
2854000 20.6975 20
2854100 20.2813 20
2854200 20.1156 20
2854300 20.2427 20
2854400 20.1336 20
2854500 19.8547 20
2854600 19.7956 20
2854700 19.5861 20
2854800 19.3462 20
2854900 19.2386 20
2855000 19.2808 20
2855100 19.6892 20
2855200 20.241 20
2855300 20.4876 20
2855400 20.8324 20
2855500 21.1994 20
2855600 21.26 20
2855700 21.2695 20
2855800 20.9035 20
2855900 20.1637 20
2856000 19.6555 20
2856100 19.6492 20
2856200 19.8937 20
2856300 20.0587 20
2856400 20.2331 20
2856500 20.5205 20
2856600 20.791 20
2856700 21.1637 20
2856800 21.0138 20
2856900 20.4291 20
2857000 20.1275 20
2857100 19.9206 20
2857200 19.8398 20
2857300 19.7651 20
2857400 19.6152 20
2857500 19.6035 20
2857600 19.7362 20
2857700 19.9607 20
2857800 20.2312 20
2857900 20.3867 20
2858000 20.4793 20
2858100 20.57 20
2858200 20.4404 20
2858300 20.2206 20
2858400 20.0224 20
2858500 20.071 20
2858600 19.9804 20
2858700 19.8706 20
2858800 19.8631 20
2858900 19.582 20
2859000 19.3199 20
2859100 19.2551 20
2859200 19.2158 20
2859300 19.3465 20
2859400 19.4627 20
2859500 19.5636 20
2859600 19.6656 20
2859700 19.6815 20
2859800 19.4595 20
2859900 19.3177 20
2860000 19.3759 20
2860100 19.4145 20
2860200 19.4436 20
2860300 19.6598 20
2860400 20.002 20
2860500 20.1583 20
2860600 20.1684 20
2860700 20.4062 20
2860800 20.9046 20
2860900 21.2923 20
2861000 21.4427 20
2861100 21.511 20
2861200 21.5777 20
2861300 21.302 20
2861400 20.7399 20
2861500 20.4127 20
2861600 20.2952 20
2861700 20.182 20
2861800 20.1883 20
2861900 20.1331 20
2862000 20.1534 20
2862100 20.2844 20
2862200 20.1038 20
2862300 19.9572 20
2862400 19.8612 20
2862500 19.6705 20
2862600 19.4464 20
2862700 19.4009 20
2862800 19.4441 20
2862900 19.2934 20
2863000 19.2743 20
2863100 19.5284 20
2863200 20.0257 20
2863300 20.5225 20
2863400 20.7372 20
2863500 20.7702 20
2863600 20.7713 20
2863700 20.7976 20
2863800 20.4573 20
2863900 19.9191 20
2864000 19.6895 20
2864100 19.5077 20
2864200 19.3842 20
2864300 19.4818 20
2864400 19.8506 20
2864500 19.9702 20
2864600 19.8803 20
2864700 19.8213 20
2864800 19.8679 20
2864900 20.0066 20
2865000 19.6912 20
2865100 19.3825 20
2865200 19.1553 20
2865300 18.9193 20
2865400 18.9172 20
2865500 19.0763 20
2865600 19.3873 20
2865700 19.4845 20
2865800 19.5057 20
2865900 19.5688 20
2866000 19.5989 20
2866100 19.7361 20
2866200 19.8621 20
2866300 20.2315 20
2866400 20.6718 20
2866500 21.0882 20
2866600 21.4045 20
2866700 21.5891 20
2866800 21.441 20
2866900 20.9956 20
2867000 20.4476 20
2867100 20.2889 20
2867200 20.3288 20
2867300 20.3105 20
2867400 20.0782 20
2867500 19.7559 20
2867600 19.5516 20
2867700 19.377 20
2867800 19.2437 20
2867900 19.0783 20
2868000 19.1547 20
2868100 19.3359 20
2868200 19.4302 20
2868300 19.4523 20
2868400 19.2307 20
2868500 19.0451 20
2868600 19.1589 20
2868700 19.2808 20
2868800 19.4788 20
2868900 19.7326 20
2869000 19.8922 20
2869100 20.2028 20
2869200 20.7761 20
2869300 21.3314 20
2869400 21.4611 20
2869500 21.3863 20
2869600 21.3535 20
2869700 21.5776 20
2869800 21.7548 20
2869900 21.6667 20
2870000 20.9727 20
2870100 20.7054 20
2870200 20.739 20
2870300 20.3071 20
2870400 19.7552 20
2870500 19.3151 20
2870600 19.255 20
2870700 19.5055 20
2870800 20.0129 20
2870900 20.4047 20
2871000 20.8061 20
2871100 21.2604 20
2871200 21.5263 20
2871300 21.3649 20
2871400 20.6416 20
2871500 19.8296 20
2871600 19.3137 20
2871700 19.1141 20
2871800 19.1378 20
2871900 19.1806 20
2872000 19.3058 20
2872100 19.5878 20
2872200 19.8975 20
2872300 19.8192 20
2872400 19.7224 20
2872500 19.5651 20
2872600 19.4089 20
2872700 19.2972 20
2872800 19.2209 20
2872900 19.1638 20
2873000 19.4015 20
2873100 19.7624 20
2873200 20.0221 20
2873300 20.3238 20
2873400 20.5311 20
2873500 20.5044 20
2873600 20.273 20
2873700 20.1761 20
2873800 20.2159 20
2873900 20.1895 20
2874000 20.0468 20
2874100 19.976 20
2874200 19.7984 20
2874300 19.7619 20
2874400 19.8079 20
2874500 20.0997 20
2874600 20.4416 20
2874700 20.579 20
2874800 20.9637 20
2874900 21.5236 20
2875000 21.9384 20
2875100 22.0089 20
2875200 21.7913 20
2875300 21.6363 20
2875400 21.5002 20
2875500 21.3006 20
2875600 21.0258 20
2875700 21.0559 20
2875800 21.2242 20
2875900 21.2543 20
2876000 21.3499 20
2876100 21.4548 20
2876200 21.5023 20
2876300 21.2008 20
2876400 20.8468 20
2876500 20.47 20
2876600 20.0519 20
2876700 19.6985 20
2876800 19.552 20
2876900 19.6382 20
2877000 19.9375 20
2877100 20.121 20
2877200 20.0502 20
2877300 20.0177 20
2877400 19.8372 20
2877500 19.4844 20
2877600 19.2586 20
2877700 19.4444 20
2877800 19.6898 20
2877900 19.7642 20
2878000 20.0557 20
2878100 20.2191 20
2878200 20.2181 20
2878300 20.5391 20
2878400 20.761 20
2878500 20.6863 20
2878600 20.6759 20
2878700 20.3763 20
2878800 20.091 20
2878900 20.0681 20
2879000 19.9114 20
2879100 19.6125 20
2879200 19.1966 20
2879300 18.7166 20
2879400 18.1855 20
2879500 17.9056 20
2879600 17.9746 20
2879700 18.3705 20
2879800 18.9253 20
2879900 19.7847 20
2880000 20.7913 20
2880100 21.2181 20
2880200 21.2528 20
2880300 21.214 20
2880400 21.2503 20
2880500 21.1257 20
2880600 20.6077 20
2880700 20.257 20
2880800 20.118 20
2880900 20.0223 20
2881000 20.2316 20
2881100 20.5506 20
2881200 20.851 20
2881300 20.8151 20
2881400 20.6355 20
2881500 20.3751 20
2881600 20.1717 20
2881700 20.3402 20
2881800 20.8002 20
2881900 20.6826 20
2882000 20.3089 20
2882100 20.1604 20
2882200 20.1409 20
2882300 20.4694 20
2882400 20.7812 20
2882500 20.6727 20
2882600 20.534 20
2882700 20.411 20
2882800 20.1208 20
2882900 19.7225 20
2883000 19.6925 20
2883100 19.5341 20
2883200 19.265 20
2883300 18.8772 20
2883400 18.7613 20
2883500 18.8377 20
2883600 19.1194 20
2883700 19.7572 20
2883800 20.5515 20
2883900 20.9369 20
2884000 21.0764 20
2884100 21.308 20
2884200 21.461 20
2884300 21.4546 20
2884400 21.4892 20
2884500 21.5529 20
2884600 21.4687 20
2884700 21.1304 20
2884800 20.8078 20
2884900 20.5646 20
2885000 20.324 20
2885100 20.3083 20
2885200 20.5732 20
2885300 20.666 20
2885400 20.7695 20
2885500 20.7772 20
2885600 20.5963 20
2885700 20.5021 20
2885800 20.4922 20
2885900 20.3654 20
2886000 20.2711 20
2886100 20.1325 20
2886200 19.9664 20
2886300 19.8904 20
2886400 19.7257 20
2886500 19.7586 20
2886600 19.7733 20
2886700 19.7613 20
2886800 19.5884 20
2886900 19.2297 20
2887000 18.9001 20
2887100 18.9252 20
2887200 19.1789 20
2887300 19.6076 20
2887400 20.0387 20
2887500 20.3522 20
2887600 20.4774 20
2887700 20.4794 20
2887800 20.492 20
2887900 20.5207 20
2888000 20.4634 20
2888100 20.3878 20
2888200 20.43 20
2888300 20.583 20
2888400 20.7626 20
2888500 20.8536 20
2888600 20.8654 20
2888700 20.9571 20
2888800 20.9927 20
2888900 20.7985 20
2889000 20.4112 20
2889100 19.9495 20
2889200 19.2907 20
2889300 18.4693 20
2889400 17.6212 20
2889500 17.2485 20
2889600 17.3728 20
2889700 17.849 20
2889800 18.6561 20
2889900 19.4552 20
2890000 20.1824 20
2890100 20.7279 20
2890200 20.9229 20
2890300 20.8513 20
2890400 20.7128 20
2890500 20.7593 20
2890600 21.2414 20
2890700 21.5993 20
2890800 21.5436 20
2890900 21.0568 20
2891000 20.4655 20
2891100 20.1297 20
2891200 20.0533 20
2891300 20.0596 20
2891400 19.9706 20
2891500 19.8668 20
2891600 19.9585 20
2891700 20.2115 20
2891800 20.1133 20
2891900 20.0037 20
2892000 19.9116 20
2892100 19.7565 20
2892200 19.7608 20
2892300 19.9779 20
2892400 20.3953 20
2892500 20.4581 20
2892600 20.5889 20
2892700 21.0016 20
2892800 21.2139 20
2892900 21.1632 20
2893000 21.0636 20
2893100 20.8587 20
2893200 20.6672 20
2893300 20.204 20
2893400 19.879 20
2893500 19.81 20
2893600 19.6918 20
2893700 19.5264 20
2893800 19.3903 20
2893900 19.3051 20
2894000 19.6206 20
2894100 20.0913 20
2894200 20.7965 20
2894300 21.2286 20
2894400 21.1809 20
2894500 20.8547 20
2894600 20.4241 20
2894700 19.8499 20
2894800 19.3933 20
2894900 19.2995 20
2895000 19.4399 20
2895100 19.5814 20
2895200 19.8359 20
2895300 19.9064 20
2895400 20.1551 20
2895500 20.3968 20
2895600 20.2714 20
2895700 19.9742 20
2895800 19.7214 20
2895900 19.5979 20
2896000 19.6805 20
2896100 19.676 20
2896200 19.8066 20
2896300 20.0656 20
2896400 20.3155 20
2896500 20.5759 20
2896600 20.7732 20
2896700 20.9846 20
2896800 21.1284 20
2896900 21.0996 20
2897000 20.9729 20
2897100 20.9487 20
2897200 20.7072 20
2897300 20.2688 20
2897400 20.128 20
2897500 20.1108 20
2897600 19.9038 20
2897700 19.8539 20
2897800 19.7612 20
2897900 19.7002 20
2898000 19.9389 20
2898100 20.0967 20
2898200 20.2216 20
2898300 20.6189 20
2898400 20.8612 20
2898500 21.0268 20
2898600 20.7234 20
2898700 20.1604 20
2898800 19.861 20
2898900 19.8142 20
2899000 19.9531 20
2899100 20.1334 20
2899200 20.029 20
2899300 19.605 20
2899400 19.449 20
2899500 19.3131 20
2899600 18.9686 20
2899700 18.6103 20
2899800 18.3985 20
2899900 18.3924 20
2900000 18.7554 20
2900100 19.3449 20
2900200 19.6196 20
2900300 19.9767 20
2900400 20.3055 20
2900500 20.497 20
2900600 20.7047 20
2900700 20.5912 20
2900800 20.5719 20
2900900 20.5222 20
2901000 20.5582 20
2901100 20.4255 20
2901200 20.4318 20
2901300 20.3989 20
2901400 20.3047 20
2901500 20.2157 20
2901600 19.8965 20
2901700 19.5845 20
2901800 19.5106 20
2901900 19.6202 20
2902000 19.6404 20
2902100 19.4805 20
2902200 19.3717 20
2902300 19.2311 20
2902400 19.2714 20
2902500 19.208 20
2902600 19.2146 20
2902700 19.2993 20
2902800 19.5718 20
2902900 19.98 20
2903000 20.3602 20
2903100 20.5143 20
2903200 20.5928 20
2903300 20.6896 20
2903400 20.7395 20
2903500 20.4914 20
2903600 20.2376 20
2903700 20.1358 20
2903800 20.0242 20
2903900 20.1953 20
2904000 20.2054 20
2904100 19.9835 20
2904200 19.7133 20
2904300 19.446 20
2904400 19.1378 20
2904500 18.9292 20
2904600 18.8497 20
2904700 18.9605 20
2904800 19.1736 20
2904900 19.4414 20
2905000 19.6927 20
2905100 20.0293 20
2905200 20.3407 20
2905300 20.5998 20
2905400 20.7865 20
2905500 20.9255 20
2905600 20.5676 20
2905700 19.8414 20
2905800 19.3607 20
2905900 19.3082 20
2906000 19.3733 20
2906100 19.45 20
2906200 19.5861 20
2906300 20.1409 20
2906400 20.747 20
2906500 20.7293 20
2906600 20.2733 20
2906700 19.6219 20
2906800 19.3842 20
2906900 19.4413 20
2907000 19.3543 20
2907100 19.377 20
2907200 19.6002 20
2907300 19.7878 20
2907400 19.8029 20
2907500 20.0305 20
2907600 20.1454 20
2907700 20.3069 20
2907800 20.3578 20
2907900 20.5366 20
2908000 20.4398 20
2908100 20.1117 20
2908200 19.8548 20
2908300 19.6078 20
2908400 19.5297 20
2908500 19.449 20
2908600 19.499 20
2908700 19.7521 20
2908800 19.8297 20
2908900 19.869 20
2909000 20.0553 20
2909100 20.5442 20
2909200 20.8343 20
2909300 21.0102 20
2909400 21.0082 20
2909500 20.7802 20
2909600 20.5255 20
2909700 20.2936 20
2909800 20.2262 20
2909900 20.3069 20
2910000 20.2349 20
