# Time-averaged data for fix myat1
# TimeStep v_xave v_xdes
2490100 16.0294 16
2490200 15.6932 16
2490300 15.3747 16
2490400 15.2359 16
2490500 15.0806 16
2490600 15.238 16
2490700 15.4369 16
2490800 15.5769 16
2490900 15.7938 16
2491000 15.7555 16
2491100 15.5557 16
2491200 15.4485 16
2491300 15.7311 16
2491400 16.1374 16
2491500 16.7474 16
2491600 17.4615 16
2491700 17.8723 16
2491800 18.0352 16
2491900 17.8197 16
2492000 17.4062 16
2492100 16.9524 16
2492200 16.5872 16
2492300 16.2458 16
2492400 15.8806 16
2492500 15.7259 16
2492600 15.4701 16
2492700 15.2477 16
2492800 15.208 16
2492900 15.2594 16
2493000 15.2112 16
2493100 15.073 16
2493200 15.0479 16
2493300 15.0422 16
2493400 15.1245 16
2493500 15.4599 16
2493600 15.9716 16
2493700 16.6025 16
2493800 16.8436 16
2493900 16.7008 16
2494000 16.3492 16
2494100 16.0217 16
2494200 15.9139 16
2494300 15.7847 16
2494400 15.7874 16
2494500 16.0879 16
2494600 16.4982 16
2494700 17.0315 16
2494800 17.2956 16
2494900 17.1707 16
2495000 16.8416 16
2495100 16.629 16
2495200 16.5261 16
2495300 16.3035 16
2495400 16.2481 16
2495500 16.3782 16
2495600 16.2439 16
2495700 16.1205 16
2495800 16.2586 16
2495900 16.2775 16
2496000 16.2364 16
2496100 16.0674 16
2496200 15.7844 16
2496300 15.6401 16
2496400 15.4528 16
2496500 15.2065 16
2496600 15.1447 16
2496700 15.3125 16
2496800 15.607 16
2496900 15.5768 16
2497000 15.5837 16
2497100 15.8674 16
2497200 16.1184 16
2497300 16.37 16
2497400 16.5039 16
2497500 16.4168 16
2497600 16.566 16
2497700 16.486 16
2497800 16.5095 16
2497900 16.6006 16
2498000 16.8159 16
2498100 16.8632 16
2498200 16.6942 16
2498300 16.4737 16
2498400 16.4502 16
2498500 16.4892 16
2498600 16.3166 16
2498700 16.1325 16
2498800 16.1666 16
2498900 16.17 16
2499000 15.9857 16
2499100 15.8668 16
2499200 15.8435 16
2499300 16.0117 16
2499400 16.2512 16
2499500 16.1177 16
2499600 16.0577 16
2499700 16.3959 16
2499800 16.8519 16
2499900 17.3413 16
2500000 17.46 16
2500100 17.0937 16
2500200 16.6216 16
2500300 16.3522 16
2500400 16.0494 16
2500500 15.6915 16
2500600 15.4485 16
2500700 15.4141 16
2500800 15.8122 16
2500900 16.3194 16
2501000 16.6519 16
2501100 16.9051 16
2501200 17.1595 16
2501300 17.1558 16
2501400 16.9777 16
2501500 16.8381 16
2501600 16.2119 16
2501700 15.7772 16
2501800 15.5225 16
2501900 15.7168 16
2502000 15.8035 16
2502100 15.9574 16
2502200 16.128 16
2502300 16.4918 16
2502400 16.651 16
2502500 16.4999 16
2502600 16.3625 16
2502700 16.4908 16
2502800 16.3506 16
2502900 15.9724 16
2503000 15.5705 16
2503100 15.5494 16
2503200 15.5836 16
2503300 15.6276 16
2503400 15.4699 16
2503500 15.3474 16
2503600 15.4977 16
2503700 15.7981 16
2503800 16.1914 16
2503900 16.5674 16
2504000 16.741 16
2504100 16.7791 16
2504200 16.9141 16
2504300 16.8938 16
2504400 16.758 16
2504500 16.4675 16
2504600 16.1694 16
2504700 16.0147 16
2504800 16.0613 16
2504900 16.1061 16
2505000 16.1 16
2505100 16.2799 16
2505200 16.3475 16
2505300 16.2822 16
2505400 15.9054 16
2505500 15.5993 16
2505600 15.4225 16
2505700 15.4408 16
2505800 15.6741 16
2505900 15.7639 16
2506000 15.8449 16
2506100 15.936 16
2506200 16.0271 16
2506300 15.8889 16
2506400 15.7651 16
2506500 15.7574 16
2506600 15.9472 16
2506700 16.2115 16
2506800 16.5573 16
2506900 16.7893 16
2507000 16.8864 16
2507100 16.9546 16
2507200 16.8517 16
2507300 16.5665 16
2507400 16.021 16
2507500 15.4479 16
2507600 15.4008 16
2507700 15.6729 16
2507800 16.1317 16
2507900 16.4706 16
2508000 16.4196 16
2508100 16.1086 16
2508200 15.7991 16
2508300 15.2557 16
2508400 14.5973 16
2508500 14.3348 16
2508600 14.5634 16
2508700 14.7102 16
2508800 14.9904 16
2508900 15.3729 16
2509000 15.758 16
2509100 16.1605 16
2509200 16.5497 16
2509300 16.8741 16
2509400 17.3575 16
2509500 17.5469 16
2509600 17.2043 16
2509700 16.6352 16
2509800 16.1149 16
2509900 15.7517 16
2510000 15.7671 16
2510100 16.0294 16
2510200 16.3831 16
2510300 16.3903 16
2510400 16.5677 16
2510500 16.8742 16
2510600 16.9584 16
2510700 16.5934 16
2510800 16.2007 16
2510900 15.8709 16
2511000 15.7691 16
2511100 15.7325 16
2511200 16.0592 16
2511300 16.421 16
2511400 16.3383 16
2511500 16.3347 16
2511600 16.4674 16
2511700 16.4677 16
2511800 16.3053 16
2511900 16.054 16
2512000 15.8308 16
2512100 15.7695 16
2512200 15.8823 16
2512300 16.1177 16
2512400 16.1244 16
2512500 15.8755 16
2512600 15.7055 16
2512700 15.8245 16
2512800 16.1444 16
2512900 16.7015 16
2513000 17.2264 16
2513100 17.5199 16
2513200 17.2938 16
2513300 16.969 16
2513400 16.5338 16
2513500 16.0033 16
2513600 15.6336 16
2513700 15.5369 16
2513800 15.6441 16
2513900 15.8189 16
2514000 15.9841 16
2514100 16.1473 16
2514200 16.2071 16
2514300 16.1925 16
2514400 15.8903 16
2514500 15.6593 16
2514600 15.4518 16
2514700 15.48 16
2514800 15.548 16
2514900 16.0074 16
2515000 16.509 16
2515100 16.8822 16
2515200 16.7986 16
2515300 16.4484 16
2515400 16.0292 16
2515500 15.684 16
2515600 15.7589 16
2515700 16.0253 16
2515800 16.3425 16
2515900 16.6155 16
2516000 16.83 16
2516100 17.0377 16
2516200 17.0369 16
2516300 16.7561 16
2516400 16.4302 16
2516500 16.2128 16
2516600 16.1318 16
2516700 16.1891 16
2516800 16.3278 16
2516900 16.5365 16
2517000 16.5393 16
2517100 16.2258 16
2517200 16.0363 16
2517300 16.0774 16
2517400 16.1598 16
2517500 16.194 16
2517600 16.3005 16
2517700 16.3745 16
2517800 16.2366 16
2517900 16.0698 16
2518000 16.1658 16
2518100 16.2483 16
2518200 16.0971 16
2518300 16.0497 16
2518400 16.2795 16
2518500 16.6453 16
2518600 16.652 16
2518700 16.6089 16
2518800 16.3445 16
2518900 16.2554 16
2519000 16.0677 16
2519100 15.9006 16
2519200 16.1112 16
2519300 16.3998 16
2519400 16.4038 16
2519500 16.3641 16
2519600 16.4694 16
2519700 16.7522 16
2519800 17.2007 16
2519900 17.6211 16
2520000 17.717 16
2520100 17.4864 16
2520200 16.9898 16
2520300 16.4645 16
2520400 16.2602 16
2520500 16.1942 16
2520600 16.0611 16
2520700 16.1008 16
2520800 16.3057 16
2520900 16.5143 16
2521000 16.4349 16
2521100 16.2874 16
2521200 16.2968 16
2521300 16.2235 16
2521400 16.2712 16
2521500 16.2737 16
2521600 16.2959 16
2521700 16.176 16
2521800 15.8579 16
2521900 15.7107 16
2522000 15.7217 16
2522100 15.6063 16
2522200 15.5356 16
2522300 15.8441 16
2522400 16.2 16
2522500 16.275 16
2522600 16.1011 16
2522700 15.896 16
2522800 15.6823 16
2522900 15.2883 16
2523000 15.1596 16
2523100 15.4409 16
2523200 15.6397 16
2523300 15.816 16
2523400 16.118 16
2523500 16.4214 16
2523600 16.4513 16
2523700 16.3436 16
2523800 16.6589 16
2523900 16.9158 16
2524000 16.8567 16
2524100 16.7192 16
2524200 16.3649 16
2524300 15.8835 16
2524400 15.3256 16
2524500 15.1732 16
2524600 15.6999 16
2524700 16.2523 16
2524800 16.3777 16
2524900 16.3718 16
2525000 16.2478 16
2525100 16.2252 16
2525200 16.007 16
2525300 15.7823 16
2525400 15.5752 16
2525500 15.3578 16
2525600 15.6019 16
2525700 16.0707 16
2525800 16.743 16
2525900 17.2577 16
2526000 17.501 16
2526100 17.3798 16
2526200 17.2838 16
2526300 17.1253 16
2526400 16.5388 16
2526500 15.8111 16
2526600 15.5697 16
2526700 15.6077 16
2526800 15.7515 16
2526900 15.932 16
2527000 16.0317 16
2527100 16.1885 16
2527200 16.2119 16
2527300 16.4134 16
2527400 16.4087 16
2527500 16.2019 16
2527600 16.1234 16
2527700 15.9487 16
2527800 15.9918 16
2527900 16.4855 16
2528000 16.7128 16
2528100 16.7828 16
2528200 16.9662 16
2528300 17.0912 16
2528400 16.9917 16
2528500 16.9594 16
2528600 16.9097 16
2528700 16.8408 16
2528800 16.7473 16
2528900 16.2901 16
2529000 15.9398 16
2529100 15.6931 16
2529200 15.792 16
2529300 15.8735 16
2529400 15.7919 16
2529500 15.7467 16
2529600 15.8139 16
2529700 15.8701 16
2529800 15.7128 16
2529900 15.5277 16
2530000 15.4159 16
2530100 15.0527 16
2530200 14.5833 16
2530300 14.5425 16
2530400 14.6776 16
2530500 14.8523 16
2530600 15.1733 16
2530700 15.6483 16
2530800 16.1137 16
2530900 16.3317 16
2531000 16.3746 16
2531100 16.2629 16
2531200 16.3654 16
2531300 16.6149 16
2531400 16.6227 16
2531500 16.3662 16
2531600 15.8941 16
2531700 15.4668 16
2531800 15.1748 16
2531900 15.1661 16
2532000 15.4828 16
2532100 15.9303 16
2532200 16.1156 16
2532300 16.4548 16
2532400 16.923 16
2532500 16.9797 16
2532600 16.5944 16
2532700 16.2135 16
2532800 15.955 16
2532900 16.142 16
2533000 16.4178 16
2533100 16.3804 16
2533200 16.1755 16
2533300 16.3563 16
2533400 16.5285 16
2533500 16.5265 16
2533600 16.4244 16
2533700 16.391 16
2533800 16.344 16
2533900 16.2295 16
2534000 16.0738 16
2534100 15.7215 16
2534200 15.5578 16
2534300 15.6218 16
2534400 15.9038 16
2534500 15.8703 16
2534600 15.7072 16
2534700 15.7448 16
2534800 15.5946 16
2534900 15.3205 16
2535000 15.1814 16
2535100 15.2994 16
2535200 15.356 16
2535300 15.5434 16
2535400 15.7011 16
2535500 15.5155 16
2535600 15.2942 16
2535700 15.5337 16
2535800 16.0526 16
2535900 16.2621 16
2536000 16.1992 16
2536100 16.227 16
2536200 16.4754 16
2536300 16.7392 16
2536400 16.892 16
2536500 16.8983 16
2536600 16.9957 16
2536700 16.7965 16
2536800 16.6576 16
2536900 16.6305 16
2537000 16.5807 16
2537100 16.3576 16
2537200 16.2669 16
2537300 16.1135 16
2537400 15.6621 16
2537500 15.2035 16
2537600 14.996 16
2537700 15.13 16
2537800 15.1699 16
2537900 15.4595 16
2538000 15.8805 16
2538100 16.0574 16
2538200 16.2031 16
2538300 16.2458 16
2538400 16.3675 16
2538500 16.5225 16
2538600 16.4159 16
2538700 16.312 16
2538800 16.3403 16
2538900 16.2173 16
2539000 15.8959 16
2539100 15.7421 16
2539200 15.9074 16
2539300 15.9262 16
2539400 15.8804 16
2539500 15.9884 16
2539600 16.2394 16
2539700 16.4465 16
2539800 16.2838 16
2539900 15.8847 16
2540000 15.3288 16
2540100 15.072 16
2540200 15.1128 16
2540300 15.6091 16
2540400 16.1665 16
2540500 16.4703 16
2540600 16.508 16
2540700 16.3647 16
2540800 16.027 16
2540900 15.5725 16
2541000 15.3355 16
2541100 15.2339 16
2541200 15.1712 16
2541300 15.0714 16
2541400 15.1983 16
2541500 15.265 16
2541600 15.5162 16
2541700 15.9314 16
2541800 16.2393 16
2541900 16.3748 16
2542000 16.9288 16
2542100 17.2329 16
2542200 17.2762 16
2542300 17.2109 16
2542400 17.1135 16
2542500 17.1099 16
2542600 17.0723 16
2542700 16.6469 16
2542800 16.0632 16
2542900 15.7306 16
2543000 15.665 16
2543100 15.6586 16
2543200 15.5263 16
2543300 15.5625 16
2543400 15.6807 16
2543500 15.7928 16
2543600 15.8821 16
2543700 16.054 16
2543800 16.3779 16
2543900 16.6683 16
2544000 16.871 16
2544100 16.9131 16
2544200 16.851 16
2544300 16.8338 16
2544400 16.7303 16
2544500 16.569 16
2544600 16.3396 16
2544700 16.161 16
2544800 16.0663 16
2544900 16.0991 16
2545000 15.9749 16
2545100 16.0057 16
2545200 16.1744 16
2545300 16.3479 16
2545400 16.5757 16
2545500 16.6759 16
2545600 16.5904 16
2545700 16.3007 16
2545800 15.7513 16
2545900 15.2873 16
2546000 15.1949 16
2546100 15.3615 16
2546200 15.7962 16
2546300 16.0629 16
2546400 16.3565 16
2546500 16.5573 16
2546600 16.6372 16
2546700 16.6419 16
2546800 16.6328 16
2546900 16.6006 16
2547000 16.3103 16
2547100 15.62 16
2547200 14.8047 16
2547300 14.3934 16
2547400 14.5811 16
2547500 14.8563 16
2547600 15.4095 16
2547700 15.9712 16
2547800 16.6159 16
2547900 17.0245 16
2548000 17.2253 16
2548100 17.2603 16
2548200 17.2435 16
2548300 17.2658 16
2548400 17.433 16
2548500 17.0163 16
2548600 16.4314 16
2548700 15.851 16
2548800 15.474 16
2548900 15.424 16
2549000 15.547 16
2549100 15.9318 16
2549200 16.3658 16
2549300 16.4912 16
2549400 16.375 16
2549500 16.4126 16
2549600 16.5936 16
2549700 16.6693 16
2549800 16.5018 16
2549900 16.27 16
2550000 16.3799 16
2550100 16.5673 16
2550200 16.533 16
2550300 16.3739 16
2550400 16.1199 16
2550500 16.1033 16
2550600 16.0852 16
2550700 15.885 16
2550800 15.833 16
2550900 15.9789 16
2551000 16.1428 16
2551100 16.3978 16
2551200 16.6941 16
2551300 16.8127 16
2551400 16.6468 16
2551500 16.2441 16
2551600 16.0762 16
2551700 15.8934 16
2551800 15.5622 16
2551900 15.4767 16
2552000 15.617 16
2552100 15.6598 16
2552200 15.616 16
2552300 15.2572 16
2552400 15.0218 16
2552500 14.9774 16
2552600 14.9858 16
2552700 14.8687 16
2552800 14.7456 16
2552900 14.8693 16
2553000 15.2218 16
2553100 15.6514 16
2553200 15.9972 16
2553300 16.6891 16
2553400 17.1279 16
2553500 16.928 16
2553600 16.6969 16
2553700 16.3931 16
2553800 16.2636 16
2553900 16.1664 16
2554000 16.3171 16
2554100 16.6899 16
2554200 16.8714 16
2554300 16.8197 16
2554400 16.7699 16
2554500 16.7594 16
2554600 16.6333 16
2554700 16.3031 16
2554800 16.0244 16
2554900 15.7925 16
2555000 15.7162 16
2555100 15.7006 16
2555200 15.7528 16
2555300 15.9232 16
2555400 16.1903 16
2555500 16.2928 16
2555600 16.1779 16
2555700 15.9029 16
2555800 15.5599 16
2555900 15.6713 16
2556000 16.1839 16
2556100 16.6465 16
2556200 17.0854 16
2556300 17.3188 16
2556400 17.2913 16
2556500 17.1759 16
2556600 17.1163 16
2556700 17.0004 16
2556800 16.7 16
2556900 16.1014 16
2557000 15.7641 16
2557100 15.787 16
2557200 15.9944 16
2557300 16.0322 16
2557400 15.7784 16
2557500 15.6421 16
2557600 15.5382 16
2557700 15.3721 16
2557800 15.4023 16
2557900 15.5466 16
2558000 15.3967 16
2558100 15.0771 16
2558200 15.0658 16
2558300 15.4012 16
2558400 15.9684 16
2558500 16.2771 16
2558600 16.3305 16
2558700 16.3556 16
2558800 16.1748 16
2558900 16.0491 16
2559000 16.0751 16
2559100 16.0126 16
2559200 15.9044 16
2559300 15.8657 16
2559400 16.0641 16
2559500 16.1615 16
2559600 16.1507 16
2559700 16.044 16
2559800 15.6459 16
2559900 15.1349 16
2560000 14.6641 16
2560100 14.5309 16
2560200 14.7973 16
2560300 15.5118 16
2560400 16.1286 16
2560500 16.5666 16
2560600 16.4417 16
2560700 16.1484 16
2560800 16.0835 16
2560900 16.1433 16
2561000 16.0899 16
2561100 16.1586 16
2561200 16.2795 16
2561300 16.2359 16
2561400 16.0715 16
2561500 15.9928 16
2561600 15.816 16
2561700 15.3103 16
2561800 15.129 16
2561900 15.4627 16
2562000 15.734 16
2562100 15.7525 16
2562200 15.836 16
2562300 15.7116 16
2562400 15.6525 16
2562500 15.9163 16
2562600 16.1258 16
2562700 16.4484 16
2562800 16.802 16
2562900 17.089 16
2563000 17.2881 16
2563100 17.1164 16
2563200 16.7471 16
2563300 16.8207 16
2563400 16.8683 16
2563500 16.7941 16
2563600 16.5635 16
2563700 15.9449 16
2563800 15.6993 16
2563900 15.6579 16
2564000 15.6355 16
2564100 15.4952 16
2564200 15.5862 16
2564300 15.848 16
2564400 15.9366 16
2564500 15.7432 16
2564600 15.3901 16
2564700 15.1002 16
2564800 14.8342 16
2564900 14.9898 16
2565000 15.4415 16
2565100 15.7706 16
2565200 15.9906 16
2565300 15.9753 16
2565400 16.0487 16
2565500 16.5782 16
2565600 17.057 16
2565700 17.4613 16
2565800 17.3256 16
2565900 17.0548 16
2566000 16.5919 16
2566100 16.3004 16
2566200 16.199 16
2566300 16.1572 16
2566400 16.2461 16
2566500 16.3116 16
2566600 16.1827 16
2566700 16.0481 16
2566800 15.7874 16
2566900 15.608 16
2567000 15.7937 16
2567100 16.1098 16
2567200 16.3351 16
2567300 16.6523 16
2567400 16.8449 16
2567500 16.952 16
2567600 16.8907 16
2567700 16.7509 16
2567800 16.5679 16
2567900 16.4683 16
2568000 16.3133 16
2568100 16.1495 16
2568200 15.9143 16
2568300 15.5724 16
2568400 15.564 16
2568500 15.9899 16
2568600 16.4013 16
2568700 16.9224 16
2568800 17.4959 16
2568900 18.0472 16
2569000 18.4244 16
2569100 18.4675 16
2569200 18.4439 16
2569300 18.3704 16
2569400 18.058 16
2569500 17.5645 16
2569600 17.0047 16
2569700 16.512 16
2569800 16.0664 16
2569900 15.5734 16
2570000 15.1679 16
2570100 14.9963 16
2570200 15.0544 16
2570300 15.2544 16
2570400 15.5047 16
2570500 15.9491 16
2570600 16.3285 16
2570700 16.7331 16
2570800 16.7163 16
2570900 16.5025 16
2571000 16.4708 16
2571100 16.6075 16
2571200 16.6671 16
2571300 16.8448 16
2571400 17.0241 16
2571500 16.7438 16
2571600 16.6936 16
2571700 16.6612 16
2571800 16.3898 16
2571900 16.1791 16
2572000 15.8754 16
2572100 15.5195 16
2572200 15.4931 16
2572300 15.2176 16
2572400 15.129 16
2572500 15.2352 16
2572600 15.6994 16
2572700 16.1306 16
2572800 16.6293 16
2572900 16.8619 16
2573000 16.7028 16
2573100 16.449 16
2573200 16.1693 16
2573300 15.9222 16
2573400 15.8151 16
2573500 15.9683 16
2573600 16.0405 16
2573700 16.0196 16
2573800 15.8675 16
2573900 15.9827 16
2574000 16.1009 16
2574100 16.192 16
2574200 16.5361 16
2574300 16.8515 16
2574400 16.9209 16
2574500 16.7934 16
2574600 16.7882 16
2574700 16.8659 16
2574800 16.8608 16
2574900 16.4941 16
2575000 16.1928 16
2575100 15.8534 16
2575200 15.4078 16
2575300 15.016 16
2575400 15.0249 16
2575500 15.5071 16
2575600 15.9409 16
2575700 16.139 16
2575800 16.2292 16
2575900 16.3873 16
2576000 16.5374 16
2576100 16.4602 16
2576200 16.2548 16
2576300 15.8402 16
2576400 15.6852 16
2576500 15.7289 16
2576600 15.7053 16
2576700 15.8546 16
2576800 16.0432 16
2576900 16.2173 16
2577000 16.5099 16
2577100 16.7557 16
2577200 16.5713 16
2577300 16.2267 16
2577400 15.85 16
2577500 15.352 16
2577600 15.3415 16
2577700 15.5204 16
2577800 15.9225 16
2577900 16.2372 16
2578000 16.5339 16
2578100 16.8635 16
2578200 16.9647 16
2578300 16.7543 16
2578400 16.2826 16
2578500 15.7833 16
2578600 15.1669 16
2578700 14.9866 16
2578800 15.0755 16
2578900 15.3259 16
2579000 15.6124 16
2579100 16.293 16
2579200 16.9156 16
2579300 16.9373 16
2579400 16.7014 16
2579500 16.2034 16
2579600 15.7222 16
2579700 15.582 16
2579800 15.7651 16
2579900 15.8233 16
2580000 15.8065 16
2580100 15.9061 16
2580200 16.1574 16
2580300 16.1452 16
2580400 16.073 16
2580500 16.2582 16
2580600 16.3612 16
2580700 16.5743 16
2580800 16.8836 16
2580900 16.8428 16
2581000 16.479 16
2581100 16.0529 16
2581200 15.7943 16
2581300 15.7001 16
2581400 15.5208 16
2581500 15.3355 16
2581600 15.515 16
2581700 15.8081 16
2581800 16.0003 16
2581900 16.2134 16
2582000 16.3296 16
2582100 16.4365 16
2582200 16.526 16
2582300 16.4618 16
2582400 16.3943 16
2582500 16.3525 16
2582600 16.1782 16
2582700 16.2309 16
2582800 16.1861 16
2582900 15.952 16
2583000 15.6711 16
2583100 15.5381 16
2583200 15.5585 16
2583300 15.7452 16
2583400 16.2499 16
2583500 16.7042 16
2583600 16.9603 16
2583700 17.0119 16
2583800 16.7799 16
2583900 16.389 16
2584000 16.0141 16
2584100 15.9057 16
2584200 15.9741 16
2584300 16.0406 16
2584400 15.7515 16
2584500 15.2601 16
2584600 14.8306 16
2584700 14.6544 16
2584800 14.6823 16
2584900 14.8834 16
2585000 15.1969 16
2585100 15.7099 16
2585200 16.011 16
2585300 16.0792 16
2585400 16.1299 16
2585500 15.9147 16
2585600 16.1378 16
2585700 16.2994 16
2585800 16.1469 16
2585900 15.8644 16
2586000 15.739 16
2586100 15.7222 16
2586200 15.722 16
2586300 15.9061 16
2586400 16.1826 16
2586500 16.5064 16
2586600 16.6565 16
2586700 16.6256 16
2586800 16.614 16
2586900 16.6904 16
2587000 16.7759 16
2587100 16.7943 16
2587200 16.6769 16
2587300 16.3343 16
2587400 16.1214 16
2587500 15.9272 16
2587600 15.4903 16
2587700 15.0207 16
2587800 14.8597 16
2587900 15.014 16
2588000 15.2437 16
2588100 15.463 16
2588200 15.7762 16
2588300 15.9955 16
2588400 16.3985 16
2588500 16.5016 16
2588600 16.1298 16
2588700 15.7053 16
2588800 15.5152 16
2588900 15.5951 16
2589000 15.7117 16
2589100 15.9141 16
2589200 16.1697 16
2589300 16.4785 16
2589400 16.6416 16
2589500 16.5148 16
2589600 16.21 16
2589700 16.2098 16
2589800 16.1437 16
2589900 15.9365 16
2590000 15.8387 16
2590100 15.9045 16
2590200 16.2285 16
2590300 16.3408 16
2590400 16.269 16
2590500 16.2394 16
2590600 16.2679 16
2590700 16.1698 16
2590800 16.0312 16
2590900 16.3037 16
2591000 16.4294 16
2591100 16.5176 16
2591200 16.6014 16
2591300 16.4232 16
2591400 15.9546 16
2591500 15.9458 16
2591600 16.1404 16
2591700 16.0882 16
2591800 16.2099 16
2591900 16.0418 16
2592000 16.1965 16
2592100 16.4601 16
2592200 16.2662 16
2592300 15.9049 16
2592400 15.6201 16
2592500 15.5841 16
2592600 15.882 16
2592700 16.2368 16
2592800 16.4298 16
2592900 16.5325 16
2593000 16.6365 16
2593100 16.6276 16
2593200 16.7167 16
2593300 16.6393 16
2593400 16.4708 16
2593500 16.0636 16
2593600 15.5787 16
2593700 15.1378 16
2593800 14.7288 16
2593900 14.6858 16
2594000 14.9787 16
2594100 15.0311 16
2594200 15.3056 16
2594300 16.0779 16
2594400 16.8756 16
2594500 16.9634 16
2594600 16.8462 16
2594700 16.4912 16
2594800 16.1476 16
2594900 15.931 16
2595000 15.9105 16
2595100 15.9387 16
2595200 15.9246 16
2595300 15.9153 16
2595400 15.7423 16
2595500 15.6144 16
2595600 15.7006 16
2595700 15.8317 16
2595800 16.0533 16
2595900 16.0464 16
2596000 15.8577 16
2596100 16.0791 16
2596200 16.587 16
2596300 17.0099 16
2596400 17.0341 16
2596500 16.7262 16
2596600 16.2489 16
2596700 15.684 16
2596800 15.4462 16
2596900 15.3356 16
2597000 15.1798 16
2597100 15.1521 16
2597200 15.2764 16
2597300 15.4485 16
2597400 15.6024 16
2597500 15.8355 16
2597600 16.0652 16
2597700 16.401 16
2597800 16.5551 16
2597900 16.3214 16
2598000 16.1056 16
2598100 15.9397 16
2598200 15.8473 16
2598300 15.8349 16
2598400 15.9671 16
2598500 16.1132 16
2598600 16.2595 16
2598700 16.384 16
2598800 16.5225 16
2598900 16.8002 16
2599000 16.9759 16
2599100 16.9869 16
2599200 16.964 16
2599300 16.9469 16
2599400 17.0233 16
2599500 16.8696 16
2599600 16.4516 16
2599700 15.8237 16
2599800 15.3593 16
2599900 15.0896 16
2600000 14.9385 16
2600100 14.9053 16
2600200 15.1815 16
2600300 15.7071 16
2600400 16.4817 16
2600500 17.1846 16
2600600 17.6057 16
2600700 17.9583 16
2600800 18.0752 16
2600900 18.0368 16
2601000 17.5869 16
2601100 16.6904 16
2601200 15.8986 16
2601300 15.1188 16
2601400 14.4976 16
2601500 14.0942 16
2601600 13.9326 16
2601700 14.1366 16
2601800 14.6726 16
2601900 15.3165 16
2602000 15.9808 16
2602100 16.3974 16
2602200 16.4452 16
2602300 16.4139 16
2602400 16.3539 16
2602500 16.3548 16
2602600 16.3273 16
2602700 16.4588 16
2602800 16.6622 16
2602900 16.7909 16
2603000 16.968 16
2603100 16.8905 16
2603200 16.5235 16
2603300 16.0351 16
2603400 15.617 16
2603500 15.5444 16
2603600 15.4375 16
2603700 15.3806 16
2603800 15.5615 16
2603900 15.8674 16
2604000 16.062 16
2604100 16.1942 16
2604200 15.8072 16
2604300 15.4788 16
2604400 15.5772 16
2604500 15.6355 16
2604600 15.7025 16
2604700 15.7161 16
2604800 15.5881 16
2604900 15.7165 16
2605000 16.2185 16
2605100 16.6695 16
2605200 16.7096 16
2605300 16.4099 16
2605400 16.2417 16
2605500 16.2147 16
2605600 15.967 16
2605700 15.8246 16
2605800 15.7024 16
2605900 15.3514 16
2606000 15.152 16
2606100 15.1936 16
2606200 15.3516 16
2606300 15.4648 16
2606400 15.3782 16
2606500 15.3121 16
2606600 15.2842 16
2606700 15.4823 16
2606800 15.7338 16
2606900 15.7956 16
2607000 15.814 16
2607100 15.8043 16
2607200 15.8985 16
2607300 15.8921 16
2607400 15.7723 16
2607500 15.7487 16
2607600 15.8362 16
2607700 15.8275 16
2607800 15.7574 16
2607900 15.7751 16
2608000 15.9802 16
2608100 16.1252 16
2608200 16.112 16
2608300 15.922 16
2608400 15.6598 16
2608500 15.47 16
2608600 15.5462 16
2608700 15.8019 16
2608800 15.8274 16
2608900 16.282 16
2609000 16.6485 16
2609100 16.6325 16
2609200 16.4286 16
2609300 16.1127 16
2609400 15.9114 16
2609500 15.5932 16
2609600 15.1692 16
2609700 15.0898 16
2609800 15.1689 16
2609900 15.1521 16
2610000 14.8974 16
2610100 14.7776 16
2610200 14.9345 16
2610300 15.1196 16
2610400 15.2565 16
2610500 15.4104 16
2610600 15.4992 16
2610700 15.6164 16
2610800 15.6566 16
2610900 15.5121 16
2611000 15.3656 16
2611100 15.275 16
2611200 15.2588 16
2611300 15.5372 16
2611400 15.7326 16
2611500 15.6122 16
2611600 15.4542 16
2611700 15.1347 16
2611800 14.8176 16
2611900 14.9566 16
2612000 15.3781 16
2612100 15.7783 16
2612200 15.9618 16
2612300 15.863 16
2612400 15.9557 16
2612500 16.2323 16
2612600 16.1277 16
2612700 15.8906 16
2612800 15.974 16
2612900 16.0441 16
2613000 16.1948 16
2613100 16.3659 16
2613200 16.6547 16
2613300 16.8273 16
2613400 16.7612 16
2613500 16.4945 16
2613600 16.2487 16
2613700 16.0179 16
2613800 16.0417 16
2613900 16.2183 16
2614000 16.1146 16
2614100 15.9831 16
2614200 16.2565 16
2614300 16.6329 16
2614400 16.5796 16
2614500 16.3597 16
2614600 16.3105 16
2614700 16.3787 16
2614800 16.3512 16
2614900 16.2854 16
2615000 16.3934 16
2615100 16.3278 16
2615200 15.9433 16
2615300 15.383 16
2615400 15.1292 16
2615500 15.0789 16
2615600 15.2393 16
2615700 15.1754 16
2615800 15.2112 16
2615900 15.5206 16
2616000 15.8961 16
2616100 16.1245 16
2616200 16.4443 16
2616300 16.7382 16
2616400 17.0088 16
2616500 16.9543 16
2616600 16.5464 16
2616700 16.4302 16
2616800 16.0656 16
2616900 15.7751 16
2617000 15.7885 16
2617100 15.8036 16
2617200 16.1162 16
2617300 16.3876 16
2617400 16.6502 16
2617500 16.9333 16
2617600 16.928 16
2617700 16.6421 16
2617800 16.4641 16
2617900 16.255 16
2618000 15.9214 16
2618100 16.0023 16
2618200 16.0319 16
2618300 16.0124 16
2618400 16.0006 16
2618500 15.9385 16
2618600 15.8005 16
2618700 15.6421 16
2618800 15.6376 16
2618900 15.6708 16
2619000 15.8491 16
2619100 16.0649 16
2619200 15.9667 16
2619300 16.0478 16
2619400 16.2611 16
2619500 16.4033 16
2619600 16.4464 16
2619700 16.2673 16
2619800 16.3303 16
2619900 16.4159 16
2620000 16.4445 16
2620100 16.425 16
2620200 16.4656 16
2620300 16.579 16
2620400 16.3599 16
2620500 16.0277 16
2620600 15.6767 16
2620700 15.4617 16
2620800 15.1868 16
2620900 15.0527 16
2621000 15.1643 16
2621100 15.1828 16
2621200 15.0367 16
2621300 14.976 16
2621400 15.3703 16
2621500 15.9039 16
2621600 16.4018 16
2621700 16.3138 16
2621800 16.1261 16
2621900 16.2408 16
2622000 16.2497 16
2622100 16.0978 16
2622200 15.8238 16
2622300 16.0019 16
2622400 16.3029 16
2622500 16.4274 16
2622600 16.2871 16
2622700 16.0467 16
2622800 15.8167 16
2622900 15.8452 16
2623000 16.0472 16
2623100 16.3202 16
2623200 16.6696 16
2623300 16.8364 16
2623400 16.8789 16
2623500 16.82 16
2623600 16.7492 16
2623700 16.5878 16
2623800 16.0195 16
2623900 15.7021 16
2624000 15.9497 16
2624100 16.3761 16
2624200 16.2836 16
2624300 16.0065 16
2624400 15.7289 16
2624500 15.2656 16
2624600 15.0878 16
2624700 15.0629 16
2624800 14.9287 16
2624900 15.0712 16
2625000 15.3609 16
2625100 15.4857 16
2625200 15.6056 16
2625300 15.667 16
2625400 15.7515 16
2625500 15.8031 16
2625600 15.7051 16
2625700 15.5816 16
2625800 15.7672 16
2625900 16.0173 16
2626000 16.4631 16
2626100 16.8237 16
2626200 17.04 16
2626300 17.0075 16
2626400 16.9877 16
2626500 16.9276 16
2626600 16.9741 16
2626700 16.5949 16
2626800 15.7308 16
2626900 14.963 16
2627000 14.6431 16
2627100 15.0242 16
2627200 15.7809 16
2627300 16.2612 16
2627400 16.3503 16
2627500 16.0012 16
2627600 15.6406 16
2627700 15.4899 16
2627800 15.4941 16
2627900 15.6641 16
2628000 15.6589 16
2628100 15.8886 16
2628200 16.106 16
2628300 15.9294 16
2628400 15.7609 16
2628500 15.7893 16
2628600 16.0467 16
2628700 16.3211 16
2628800 16.3322 16
2628900 16.2955 16
2629000 16.2349 16
2629100 16.1764 16
2629200 16.1617 16
2629300 16.1243 16
2629400 16.1968 16
2629500 16.3885 16
2629600 16.4433 16
2629700 16.3992 16
2629800 16.3979 16
2629900 16.4957 16
2630000 16.2927 16
2630100 16.3759 16
2630200 16.6264 16
2630300 16.8755 16
2630400 16.8799 16
2630500 16.6744 16
2630600 16.5429 16
2630700 16.4397 16
2630800 16.4284 16
2630900 16.647 16
2631000 16.8031 16
2631100 16.6433 16
2631200 16.562 16
2631300 16.4566 16
2631400 16.4425 16
2631500 16.1914 16
2631600 15.8377 16
2631700 15.4974 16
2631800 15.167 16
2631900 15.0224 16
2632000 15.1465 16
2632100 15.3985 16
2632200 15.6186 16
2632300 15.863 16
2632400 16.2177 16
2632500 16.8164 16
2632600 17.2951 16
2632700 17.5022 16
2632800 17.6834 16
2632900 17.7587 16
2633000 17.3315 16
2633100 16.593 16
2633200 15.9689 16
2633300 15.3848 16
2633400 15.1043 16
2633500 15.0692 16
2633600 15.2511 16
2633700 15.2434 16
2633800 15.0632 16
2633900 14.8038 16
2634000 14.886 16
2634100 15.3348 16
2634200 15.9218 16
2634300 16.504 16
2634400 16.8821 16
2634500 17.0806 16
2634600 17.1528 16
2634700 17.0018 16
2634800 16.5448 16
2634900 16.0076 16
2635000 15.443 16
2635100 15.3291 16
2635200 15.4103 16
2635300 15.2413 16
2635400 15.4622 16
2635500 15.9167 16
2635600 16.3632 16
2635700 16.8931 16
2635800 17.3515 16
2635900 17.5935 16
2636000 17.682 16
2636100 17.6598 16
2636200 17.427 16
2636300 17.1911 16
2636400 16.7394 16
2636500 15.8773 16
2636600 15.1533 16
2636700 15.0125 16
2636800 15.265 16
2636900 15.5456 16
2637000 15.8714 16
2637100 16.1388 16
2637200 16.0916 16
2637300 15.9581 16
2637400 16.0139 16
2637500 16.0908 16
2637600 16.1525 16
2637700 16.1926 16
2637800 16.3092 16
2637900 16.2296 16
2638000 16.0468 16
2638100 15.9671 16
2638200 16.2513 16
2638300 16.4431 16
2638400 16.4566 16
2638500 16.5231 16
2638600 16.7849 16
2638700 17.0225 16
2638800 17.161 16
2638900 17.2729 16
2639000 17.576 16
2639100 17.5047 16
2639200 16.7047 16
2639300 15.9302 16
2639400 15.6607 16
2639500 15.4818 16
2639600 15.4689 16
2639700 15.5459 16
2639800 15.4339 16
2639900 15.309 16
2640000 15.3307 16
2640100 15.5162 16
2640200 15.7973 16
2640300 15.9813 16
2640400 15.7709 16
2640500 15.6755 16
2640600 15.5474 16
2640700 15.3641 16
2640800 15.3729 16
2640900 15.0306 16
2641000 15.0882 16
2641100 15.3302 16
2641200 15.1677 16
2641300 14.8229 16
2641400 14.8191 16
2641500 15.1399 16
2641600 15.493 16
2641700 15.6311 16
2641800 15.7092 16
2641900 15.8192 16
2642000 16.1077 16
2642100 16.269 16
2642200 16.2216 16
2642300 16.1396 16
2642400 16.0888 16
2642500 16.0689 16
2642600 16.0284 16
2642700 16.1465 16
2642800 16.224 16
2642900 16.0054 16
2643000 15.8979 16
2643100 15.9641 16
2643200 16.3247 16
2643300 16.9292 16
2643400 17.3854 16
2643500 17.4322 16
2643600 17.1056 16
2643700 16.7774 16
2643800 16.4285 16
2643900 15.9786 16
2644000 15.5225 16
2644100 15.2794 16
2644200 15.3631 16
2644300 15.5264 16
2644400 15.9224 16
2644500 16.0634 16
2644600 16.221 16
2644700 16.3388 16
2644800 16.4359 16
2644900 16.5011 16
2645000 16.2569 16
2645100 16.0434 16
2645200 15.5859 16
2645300 15.4684 16
2645400 15.7437 16
2645500 16.3613 16
2645600 17.0575 16
2645700 17.3781 16
2645800 17.112 16
2645900 16.4493 16
2646000 15.7179 16
2646100 15.1744 16
2646200 15.2005 16
2646300 15.3513 16
2646400 15.4335 16
2646500 15.6049 16
2646600 15.9533 16
2646700 16.4941 16
2646800 16.9684 16
2646900 17.1665 16
2647000 17.4811 16
2647100 17.3876 16
2647200 16.9308 16
2647300 16.7015 16
2647400 16.8872 16
2647500 17.2872 16
2647600 17.6133 16
2647700 17.5702 16
2647800 17.1782 16
2647900 16.7946 16
2648000 16.3884 16
2648100 15.8954 16
2648200 15.4828 16
2648300 15.6145 16
2648400 16.0526 16
2648500 16.0025 16
2648600 15.8182 16
2648700 15.8928 16
2648800 16.1706 16
2648900 16.5884 16
2649000 16.826 16
2649100 16.9343 16
2649200 17.2596 16
2649300 17.4322 16
2649400 17.4846 16
2649500 17.4147 16
2649600 17.0976 16
2649700 16.3791 16
2649800 15.7018 16
2649900 15.1918 16
2650000 14.8652 16
2650100 14.8974 16
2650200 15.4467 16
2650300 16.0051 16
2650400 16.3814 16
2650500 16.5019 16
2650600 16.5737 16
2650700 16.5228 16
2650800 16.4847 16
2650900 16.3289 16
2651000 16.2221 16
2651100 16.0495 16
2651200 15.9583 16
2651300 15.833 16
2651400 15.6929 16
2651500 15.9013 16
2651600 16.3663 16
2651700 16.6808 16
2651800 16.433 16
2651900 15.9202 16
2652000 15.1792 16
2652100 14.5466 16
2652200 13.996 16
2652300 13.7179 16
2652400 14.1155 16
2652500 14.9574 16
2652600 15.7794 16
2652700 16.254 16
2652800 16.3753 16
2652900 16.3254 16
2653000 16.3324 16
2653100 16.0442 16
2653200 15.648 16
2653300 15.376 16
2653400 15.106 16
2653500 14.9606 16
2653600 15.0669 16
2653700 15.3108 16
2653800 15.9262 16
2653900 16.3652 16
2654000 16.8254 16
2654100 16.9852 16
2654200 16.8944 16
2654300 16.6775 16
2654400 16.7097 16
2654500 16.7305 16
2654600 16.5735 16
2654700 16.3036 16
2654800 15.9682 16
2654900 15.5574 16
2655000 15.3499 16
2655100 15.4951 16
2655200 15.7485 16
2655300 15.877 16
2655400 15.735 16
2655500 15.7332 16
2655600 15.7077 16
2655700 15.5063 16
2655800 15.2782 16
2655900 15.2068 16
2656000 15.3668 16
2656100 15.6377 16
2656200 15.6476 16
2656300 15.8991 16
2656400 15.8631 16
2656500 15.6955 16
2656600 15.3906 16
2656700 15.4149 16
2656800 15.6088 16
2656900 15.7216 16
2657000 15.8996 16
2657100 16.1984 16
2657200 16.4682 16
2657300 16.9373 16
2657400 17.5491 16
2657500 17.9941 16
2657600 17.9646 16
2657700 17.1665 16
2657800 16.2747 16
2657900 15.46 16
2658000 15.221 16
2658100 15.4346 16
2658200 15.6514 16
2658300 15.656 16
2658400 15.698 16
2658500 15.6632 16
2658600 15.6489 16
2658700 15.7595 16
2658800 15.6508 16
2658900 15.542 16
2659000 15.5578 16
2659100 15.9211 16
2659200 16.4655 16
2659300 16.5745 16
2659400 16.5027 16
2659500 16.6459 16
2659600 16.5684 16
2659700 16.3727 16
2659800 16.4661 16
2659900 16.5405 16
2660000 16.4451 16
2660100 16.5036 16
2660200 16.501 16
2660300 16.3324 16
2660400 15.9483 16
2660500 15.4454 16
2660600 15.0392 16
2660700 14.8826 16
2660800 14.9925 16
2660900 15.497 16
2661000 15.9753 16
2661100 16.0154 16
2661200 15.9626 16
2661300 15.7404 16
2661400 15.6242 16
2661500 15.5201 16
2661600 15.6886 16
2661700 15.9791 16
2661800 16.1716 16
2661900 16.4702 16
2662000 16.5025 16
2662100 16.6304 16
2662200 16.6973 16
2662300 16.451 16
2662400 16.2193 16
2662500 16.0756 16
2662600 16.0535 16
2662700 16.0616 16
2662800 16.2054 16
2662900 16.0611 16
2663000 15.8872 16
2663100 15.809 16
2663200 15.7676 16
2663300 15.8367 16
2663400 15.6928 16
2663500 15.732 16
2663600 15.9037 16
2663700 16.1888 16
2663800 16.4583 16
2663900 16.3546 16
2664000 16.3342 16
2664100 16.5166 16
2664200 16.4699 16
2664300 16.3673 16
2664400 16.3845 16
2664500 16.4534 16
2664600 16.2878 16
2664700 15.9548 16
2664800 15.5998 16
2664900 15.3921 16
2665000 15.5204 16
2665100 15.7939 16
2665200 15.9728 16
2665300 16.0112 16
2665400 16.0514 16
2665500 16.1877 16
2665600 16.2876 16
2665700 16.2287 16
2665800 16.0552 16
2665900 16.268 16
2666000 16.9418 16
2666100 17.5399 16
2666200 17.6808 16
2666300 17.5316 16
2666400 17.2447 16
2666500 16.9797 16
2666600 16.8056 16
2666700 16.7263 16
2666800 16.3886 16
2666900 15.8768 16
2667000 15.5177 16
2667100 15.4431 16
2667200 15.2275 16
2667300 15.09 16
2667400 15.0986 16
2667500 15.4721 16
2667600 15.7022 16
2667700 15.6365 16
2667800 15.6602 16
2667900 15.8842 16
2668000 16.0408 16
2668100 16.1905 16
2668200 16.234 16
2668300 16.445 16
2668400 16.7381 16
2668500 16.5879 16
2668600 16.24 16
2668700 16.0512 16
2668800 16.0095 16
2668900 15.7565 16
2669000 15.262 16
2669100 14.8365 16
2669200 14.7252 16
2669300 15.0134 16
2669400 15.2514 16
2669500 15.4553 16
2669600 15.5924 16
2669700 15.804 16
2669800 16.0089 16
2669900 16.3199 16
2670000 16.6429 16
2670100 16.5108 16
2670200 16.2318 16
2670300 16.1899 16
2670400 16.0254 16
2670500 15.7291 16
2670600 15.4509 16
2670700 15.5947 16
2670800 15.8371 16
2670900 16.099 16
2671000 16.2846 16
2671100 16.4075 16
2671200 16.3486 16
2671300 15.8049 16
2671400 14.9645 16
2671500 14.5209 16
2671600 14.1385 16
2671700 14.277 16
2671800 14.838 16
2671900 15.4801 16
2672000 16.0861 16
2672100 16.2251 16
2672200 16.1897 16
2672300 16.0666 16
2672400 15.5957 16
2672500 15.1739 16
2672600 14.8332 16
2672700 14.5062 16
2672800 14.4881 16
2672900 14.8168 16
2673000 15.185 16
2673100 15.6268 16
2673200 16.2586 16
2673300 16.8526 16
2673400 17.2619 16
2673500 17.5985 16
2673600 17.6246 16
2673700 17.4106 16
2673800 16.9697 16
2673900 16.3192 16
2674000 15.8305 16
2674100 15.3749 16
2674200 14.9039 16
2674300 14.7919 16
2674400 15.3047 16
2674500 16.0144 16
2674600 16.4899 16
2674700 16.6384 16
2674800 16.7062 16
2674900 17.0041 16
2675000 17.1381 16
2675100 17.05 16
2675200 16.8681 16
2675300 16.5023 16
2675400 16.1006 16
2675500 15.6029 16
2675600 14.9751 16
2675700 14.5308 16
2675800 14.2115 16
2675900 14.1122 16
2676000 14.2095 16
2676100 14.506 16
2676200 15.0074 16
2676300 15.5433 16
2676400 15.811 16
2676500 15.6855 16
2676600 15.5443 16
2676700 16.1588 16
2676800 16.823 16
2676900 17.2886 16
2677000 17.2795 16
2677100 16.935 16
2677200 16.3774 16
2677300 15.7378 16
2677400 15.4143 16
2677500 15.6636 16
2677600 16.0567 16
2677700 16.6119 16
2677800 17.28 16
2677900 17.735 16
2678000 17.8799 16
2678100 17.6149 16
2678200 17.1854 16
2678300 16.7799 16
2678400 16.3261 16
2678500 15.7823 16
2678600 15.2916 16
2678700 14.8934 16
2678800 14.7221 16
2678900 14.9207 16
2679000 15.0003 16
2679100 15.0141 16
2679200 15.162 16
2679300 15.1553 16
2679400 15.0818 16
2679500 15.2226 16
2679600 15.5921 16
2679700 16.0039 16
2679800 16.511 16
2679900 16.8306 16
2680000 16.916 16
2680100 16.9713 16
2680200 17.2174 16
2680300 17.3402 16
2680400 17.3103 16
2680500 17.2357 16
2680600 16.9306 16
2680700 16.5347 16
2680800 16.4438 16
2680900 16.4085 16
2681000 16.1575 16
2681100 15.7842 16
2681200 15.3434 16
2681300 15.0343 16
2681400 15.0948 16
2681500 15.6051 16
2681600 16.1147 16
2681700 16.3145 16
2681800 16.2837 16
2681900 16.4192 16
2682000 16.6647 16
2682100 16.6471 16
2682200 16.2388 16
2682300 15.5755 16
2682400 15.2339 16
2682500 15.7274 16
2682600 16.1429 16
2682700 16.5553 16
2682800 16.801 16
2682900 17.2064 16
2683000 17.3588 16
2683100 17.4366 16
2683200 17.3617 16
2683300 17.087 16
2683400 16.6284 16
2683500 16.1425 16
2683600 15.7904 16
2683700 15.7724 16
2683800 16.3276 16
2683900 16.9134 16
2684000 17.3494 16
2684100 17.7515 16
2684200 17.7251 16
2684300 17.2829 16
2684400 16.5187 16
2684500 15.8863 16
2684600 15.686 16
2684700 15.7174 16
2684800 15.7373 16
2684900 15.6428 16
2685000 15.5914 16
2685100 15.8965 16
2685200 16.322 16
2685300 16.3848 16
2685400 16.3454 16
2685500 16.3312 16
2685600 16.5972 16
2685700 16.6572 16
2685800 16.6887 16
2685900 16.6253 16
2686000 16.6596 16
2686100 16.9154 16
2686200 17.1039 16
2686300 16.8771 16
2686400 16.6197 16
2686500 16.485 16
2686600 16.257 16
2686700 16.043 16
2686800 15.9419 16
2686900 15.8127 16
2687000 15.5825 16
2687100 15.7958 16
2687200 16.0606 16
2687300 16.3904 16
2687400 16.8067 16
2687500 16.9089 16
2687600 16.5953 16
2687700 16.2746 16
2687800 16.167 16
2687900 16.0282 16
2688000 15.9067 16
2688100 15.8583 16
2688200 15.8487 16
2688300 15.5601 16
2688400 15.2916 16
2688500 15.1044 16
2688600 15.2011 16
2688700 15.4682 16
2688800 15.6014 16
2688900 15.8684 16
2689000 16.2537 16
2689100 16.652 16
2689200 16.9195 16
2689300 17.078 16
2689400 17.0276 16
2689500 16.871 16
2689600 16.6605 16
2689700 16.636 16
2689800 16.5576 16
2689900 16.4694 16
2690000 16.2609 16
