# Time-averaged data for fix myat1
# TimeStep v_xave v_xdes
1390100 -4.25184 -4
1390200 -4.40967 -4
1390300 -4.63303 -4
1390400 -4.47896 -4
1390500 -4.21269 -4
1390600 -3.96432 -4
1390700 -3.8182 -4
1390800 -3.64796 -4
1390900 -3.44399 -4
1391000 -3.36976 -4
1391100 -3.49259 -4
1391200 -3.66137 -4
1391300 -3.83406 -4
1391400 -4.08876 -4
1391500 -4.2034 -4
1391600 -4.24808 -4
1391700 -4.25446 -4
1391800 -4.21516 -4
1391900 -4.18678 -4
1392000 -4.16667 -4
1392100 -4.31894 -4
1392200 -4.16401 -4
1392300 -3.88293 -4
1392400 -3.8289 -4
1392500 -3.68465 -4
1392600 -3.50516 -4
1392700 -3.74963 -4
1392800 -4.17023 -4
1392900 -4.62063 -4
1393000 -4.99601 -4
1393100 -4.80724 -4
1393200 -4.59487 -4
1393300 -4.28554 -4
1393400 -4.01681 -4
1393500 -3.74758 -4
1393600 -3.75978 -4
1393700 -3.95405 -4
1393800 -4.20864 -4
1393900 -4.27447 -4
1394000 -4.25356 -4
1394100 -4.28358 -4
1394200 -4.18814 -4
1394300 -3.88202 -4
1394400 -3.69771 -4
1394500 -3.75789 -4
1394600 -3.54399 -4
1394700 -3.44916 -4
1394800 -3.60733 -4
1394900 -3.72838 -4
1395000 -4.0428 -4
1395100 -4.21818 -4
1395200 -4.23929 -4
1395300 -4.36388 -4
1395400 -4.3515 -4
1395500 -4.17495 -4
1395600 -3.96821 -4
1395700 -3.64295 -4
1395800 -3.20781 -4
1395900 -2.86016 -4
1396000 -2.84958 -4
1396100 -2.87991 -4
1396200 -2.98191 -4
1396300 -2.96942 -4
1396400 -2.99005 -4
1396500 -3.01356 -4
1396600 -3.10138 -4
1396700 -3.39123 -4
1396800 -3.51186 -4
1396900 -3.78776 -4
1397000 -3.94705 -4
1397100 -4.31723 -4
1397200 -4.72068 -4
1397300 -4.90367 -4
1397400 -4.91169 -4
1397500 -4.98022 -4
1397600 -4.97661 -4
1397700 -4.72451 -4
1397800 -4.35961 -4
1397900 -3.97715 -4
1398000 -3.56666 -4
1398100 -3.28321 -4
1398200 -3.27798 -4
1398300 -3.65733 -4
1398400 -4.20867 -4
1398500 -4.29305 -4
1398600 -4.00214 -4
1398700 -3.74805 -4
1398800 -3.87783 -4
1398900 -4.15664 -4
1399000 -4.39257 -4
1399100 -4.50121 -4
1399200 -4.60791 -4
1399300 -4.55563 -4
1399400 -4.52502 -4
1399500 -4.17653 -4
1399600 -3.94665 -4
1399700 -3.79955 -4
1399800 -3.7547 -4
1399900 -3.81802 -4
1400000 -4.00474 -4
1400100 -3.90335 -4
1400200 -3.93864 -4
1400300 -3.99804 -4
1400400 -4.21957 -4
1400500 -4.53651 -4
1400600 -5.10919 -4
1400700 -5.49662 -4
1400800 -5.66817 -4
1400900 -5.79192 -4
1401000 -5.6229 -4
1401100 -4.92135 -4
1401200 -4.41601 -4
1401300 -4.08439 -4
1401400 -4.1149 -4
1401500 -4.27181 -4
1401600 -4.28811 -4
1401700 -4.24865 -4
1401800 -4.24733 -4
1401900 -4.17236 -4
1402000 -4.32509 -4
1402100 -4.46576 -4
1402200 -4.59642 -4
1402300 -4.49196 -4
1402400 -4.42055 -4
1402500 -4.31704 -4
1402600 -4.08651 -4
1402700 -3.60717 -4
1402800 -3.33058 -4
1402900 -3.3865 -4
1403000 -3.64263 -4
1403100 -3.68576 -4
1403200 -3.5172 -4
1403300 -3.61039 -4
1403400 -4.05137 -4
1403500 -4.56731 -4
1403600 -4.87469 -4
1403700 -4.96817 -4
1403800 -4.65417 -4
1403900 -4.4062 -4
1404000 -4.20121 -4
1404100 -4.18571 -4
1404200 -4.36299 -4
1404300 -4.41031 -4
1404400 -4.32371 -4
1404500 -4.10141 -4
1404600 -3.58887 -4
1404700 -3.02071 -4
1404800 -2.82862 -4
1404900 -2.94601 -4
1405000 -2.96497 -4
1405100 -3.22454 -4
1405200 -3.5169 -4
1405300 -3.73341 -4
1405400 -3.82993 -4
1405500 -3.69786 -4
1405600 -3.29 -4
1405700 -2.79733 -4
1405800 -2.46495 -4
1405900 -2.52252 -4
1406000 -2.7825 -4
1406100 -3.14193 -4
1406200 -3.35703 -4
1406300 -3.55026 -4
1406400 -3.89082 -4
1406500 -4.46104 -4
1406600 -5.17101 -4
1406700 -5.53 -4
1406800 -5.58363 -4
1406900 -5.76932 -4
1407000 -5.95682 -4
1407100 -5.84485 -4
1407200 -5.33447 -4
1407300 -4.72274 -4
1407400 -4.08569 -4
1407500 -3.74587 -4
1407600 -3.72566 -4
1407700 -3.94716 -4
1407800 -4.1702 -4
1407900 -4.4689 -4
1408000 -4.68272 -4
1408100 -4.58376 -4
1408200 -4.26999 -4
1408300 -4.12591 -4
1408400 -4.3476 -4
1408500 -4.51159 -4
1408600 -4.54977 -4
1408700 -4.17724 -4
1408800 -3.83842 -4
1408900 -3.6339 -4
1409000 -3.68459 -4
1409100 -3.89031 -4
1409200 -4.1901 -4
1409300 -4.3857 -4
1409400 -4.20462 -4
1409500 -4.00692 -4
1409600 -3.88683 -4
1409700 -3.7138 -4
1409800 -3.73509 -4
1409900 -3.82249 -4
1410000 -3.91404 -4
1410100 -4.00181 -4
1410200 -4.16687 -4
1410300 -4.39318 -4
1410400 -4.41095 -4
1410500 -3.98606 -4
1410600 -3.71826 -4
1410700 -3.55645 -4
1410800 -3.20727 -4
1410900 -2.83094 -4
1411000 -2.71715 -4
1411100 -2.80401 -4
1411200 -3.34638 -4
1411300 -3.63966 -4
1411400 -3.84672 -4
1411500 -3.76876 -4
1411600 -3.46191 -4
1411700 -3.39239 -4
1411800 -3.73092 -4
1411900 -4.30211 -4
1412000 -4.58486 -4
1412100 -4.5783 -4
1412200 -4.22868 -4
1412300 -3.87765 -4
1412400 -3.71618 -4
1412500 -3.48174 -4
1412600 -3.13823 -4
1412700 -3.08235 -4
1412800 -3.11015 -4
1412900 -3.2283 -4
1413000 -3.373 -4
1413100 -3.33152 -4
1413200 -3.33128 -4
1413300 -3.61871 -4
1413400 -4.12001 -4
1413500 -4.58707 -4
1413600 -4.7103 -4
1413700 -4.60369 -4
1413800 -4.09212 -4
1413900 -3.55627 -4
1414000 -3.15867 -4
1414100 -2.72037 -4
1414200 -2.35195 -4
1414300 -2.32424 -4
1414400 -2.85332 -4
1414500 -3.30291 -4
1414600 -3.6476 -4
1414700 -4.06064 -4
1414800 -4.36905 -4
1414900 -4.25209 -4
1415000 -4.06554 -4
1415100 -4.09314 -4
1415200 -3.9203 -4
1415300 -3.73442 -4
1415400 -3.63839 -4
1415500 -3.62609 -4
1415600 -3.55321 -4
1415700 -3.8368 -4
1415800 -4.3279 -4
1415900 -4.78087 -4
1416000 -5.19836 -4
1416100 -5.21945 -4
1416200 -5.17534 -4
1416300 -4.90058 -4
1416400 -4.78886 -4
1416500 -4.6485 -4
1416600 -4.44667 -4
1416700 -4.25594 -4
1416800 -4.07004 -4
1416900 -4.0041 -4
1417000 -4.06379 -4
1417100 -4.42769 -4
1417200 -4.64892 -4
1417300 -4.47227 -4
1417400 -4.47237 -4
1417500 -4.38023 -4
1417600 -4.36706 -4
1417700 -4.47646 -4
1417800 -4.51415 -4
1417900 -4.37011 -4
1418000 -4.09286 -4
1418100 -3.94521 -4
1418200 -3.76851 -4
1418300 -3.48888 -4
1418400 -3.27621 -4
1418500 -2.99254 -4
1418600 -2.81524 -4
1418700 -2.63198 -4
1418800 -2.40148 -4
1418900 -2.26786 -4
1419000 -2.38969 -4
1419100 -2.83669 -4
1419200 -3.41688 -4
1419300 -3.9015 -4
1419400 -4.1652 -4
1419500 -4.1499 -4
1419600 -4.30525 -4
1419700 -4.69081 -4
1419800 -4.76 -4
1419900 -4.58868 -4
1420000 -4.35489 -4
1420100 -4.09964 -4
1420200 -3.91359 -4
1420300 -3.63928 -4
1420400 -3.26252 -4
1420500 -3.07417 -4
1420600 -3.2496 -4
1420700 -3.62951 -4
1420800 -4.13165 -4
1420900 -4.28033 -4
1421000 -4.28088 -4
1421100 -4.19321 -4
1421200 -4.24089 -4
1421300 -4.35912 -4
1421400 -4.3574 -4
1421500 -4.51074 -4
1421600 -4.7303 -4
1421700 -4.36607 -4
1421800 -3.67117 -4
1421900 -3.13618 -4
1422000 -3.08971 -4
1422100 -3.12623 -4
1422200 -3.2994 -4
1422300 -3.40936 -4
1422400 -3.47994 -4
1422500 -3.79524 -4
1422600 -4.16726 -4
1422700 -4.42617 -4
1422800 -4.64969 -4
1422900 -5.25858 -4
1423000 -5.82489 -4
1423100 -6.00527 -4
1423200 -5.98643 -4
1423300 -5.7092 -4
1423400 -5.44366 -4
1423500 -5.15158 -4
1423600 -4.96835 -4
1423700 -4.57143 -4
1423800 -4.03832 -4
1423900 -3.88323 -4
1424000 -3.9159 -4
1424100 -4.00647 -4
1424200 -4.35947 -4
1424300 -4.75467 -4
1424400 -5.02806 -4
1424500 -4.84917 -4
1424600 -4.46914 -4
1424700 -4.22551 -4
1424800 -4.13567 -4
1424900 -4.02646 -4
1425000 -3.97369 -4
1425100 -3.79719 -4
1425200 -3.64293 -4
1425300 -3.57587 -4
1425400 -3.69284 -4
1425500 -3.85866 -4
1425600 -3.85221 -4
1425700 -4.11336 -4
1425800 -4.43877 -4
1425900 -4.71148 -4
1426000 -4.60606 -4
1426100 -4.29181 -4
1426200 -3.83099 -4
1426300 -3.58348 -4
1426400 -3.54974 -4
1426500 -3.84746 -4
1426600 -4.45583 -4
1426700 -4.53315 -4
1426800 -4.40229 -4
1426900 -4.37399 -4
1427000 -4.41045 -4
1427100 -4.45549 -4
1427200 -4.75565 -4
1427300 -4.92732 -4
1427400 -5.06519 -4
1427500 -5.03384 -4
1427600 -4.7923 -4
1427700 -4.5197 -4
1427800 -4.32121 -4
1427900 -4.28908 -4
1428000 -4.41323 -4
1428100 -4.40431 -4
1428200 -4.05858 -4
1428300 -3.8575 -4
1428400 -3.77171 -4
1428500 -3.80107 -4
1428600 -3.76373 -4
1428700 -3.56172 -4
1428800 -3.46916 -4
1428900 -3.63349 -4
1429000 -4.10194 -4
1429100 -4.46906 -4
1429200 -4.74791 -4
1429300 -4.84561 -4
1429400 -4.65329 -4
1429500 -4.51166 -4
1429600 -4.63571 -4
1429700 -4.77734 -4
1429800 -4.85604 -4
1429900 -4.71034 -4
1430000 -4.59215 -4
1430100 -4.38816 -4
1430200 -4.20087 -4
1430300 -4.01582 -4
1430400 -3.96818 -4
1430500 -4.2218 -4
1430600 -4.69861 -4
1430700 -5.05932 -4
1430800 -5.02414 -4
1430900 -5.06742 -4
1431000 -4.86865 -4
1431100 -4.20863 -4
1431200 -3.57212 -4
1431300 -3.50815 -4
1431400 -3.85935 -4
1431500 -4.26427 -4
1431600 -4.52742 -4
1431700 -4.89547 -4
1431800 -5.43066 -4
1431900 -5.84269 -4
1432000 -5.93449 -4
1432100 -5.71864 -4
1432200 -4.98026 -4
1432300 -4.38268 -4
1432400 -4.05169 -4
1432500 -3.79298 -4
1432600 -3.61892 -4
1432700 -3.27176 -4
1432800 -3.04992 -4
1432900 -2.99083 -4
1433000 -2.85913 -4
1433100 -3.02172 -4
1433200 -3.61116 -4
1433300 -4.01359 -4
1433400 -4.48092 -4
1433500 -4.63928 -4
1433600 -4.75427 -4
1433700 -4.9778 -4
1433800 -4.64425 -4
1433900 -4.28505 -4
1434000 -3.99833 -4
1434100 -3.80687 -4
1434200 -3.71637 -4
1434300 -3.81097 -4
1434400 -4.06104 -4
1434500 -4.39931 -4
1434600 -4.74685 -4
1434700 -4.82123 -4
1434800 -4.73757 -4
1434900 -4.52408 -4
1435000 -4.28688 -4
1435100 -3.96413 -4
1435200 -3.39556 -4
1435300 -2.78558 -4
1435400 -2.76797 -4
1435500 -2.8902 -4
1435600 -3.11284 -4
1435700 -3.44387 -4
1435800 -3.66696 -4
1435900 -3.43156 -4
1436000 -3.30567 -4
1436100 -3.37667 -4
1436200 -3.31827 -4
1436300 -3.27461 -4
1436400 -3.21877 -4
1436500 -3.3224 -4
1436600 -3.53456 -4
1436700 -3.71232 -4
1436800 -3.67696 -4
1436900 -3.77833 -4
1437000 -3.89989 -4
1437100 -3.91495 -4
1437200 -3.61338 -4
1437300 -3.61386 -4
1437400 -3.56903 -4
1437500 -3.69505 -4
1437600 -3.69335 -4
1437700 -3.69232 -4
1437800 -3.63743 -4
1437900 -3.65028 -4
1438000 -3.54986 -4
1438100 -3.42169 -4
1438200 -3.33153 -4
1438300 -3.32345 -4
1438400 -3.43486 -4
1438500 -3.32707 -4
1438600 -3.46366 -4
1438700 -3.7723 -4
1438800 -4.3296 -4
1438900 -4.91166 -4
1439000 -5.13104 -4
1439100 -4.85615 -4
1439200 -4.43889 -4
1439300 -3.89667 -4
1439400 -3.37235 -4
1439500 -3.22697 -4
1439600 -3.40498 -4
1439700 -3.58786 -4
1439800 -4.01669 -4
1439900 -4.49234 -4
1440000 -4.77424 -4
1440100 -4.77122 -4
1440200 -4.57233 -4
1440300 -4.52692 -4
1440400 -4.75112 -4
1440500 -4.77508 -4
1440600 -4.75559 -4
1440700 -4.64169 -4
1440800 -4.45287 -4
1440900 -4.16601 -4
1441000 -3.52585 -4
1441100 -3.24021 -4
1441200 -3.17525 -4
1441300 -3.2969 -4
1441400 -3.41082 -4
1441500 -3.60215 -4
1441600 -4.08406 -4
1441700 -4.46158 -4
1441800 -4.78721 -4
1441900 -5.054 -4
1442000 -5.12735 -4
1442100 -5.06154 -4
1442200 -4.88636 -4
1442300 -4.71776 -4
1442400 -4.18985 -4
1442500 -3.65624 -4
1442600 -3.48919 -4
1442700 -3.4413 -4
1442800 -3.70128 -4
1442900 -4.07586 -4
1443000 -4.44108 -4
1443100 -4.72834 -4
1443200 -4.66428 -4
1443300 -4.48511 -4
1443400 -4.4493 -4
1443500 -4.39381 -4
1443600 -4.41505 -4
1443700 -4.33982 -4
1443800 -4.30716 -4
1443900 -4.0937 -4
1444000 -3.83676 -4
1444100 -3.67937 -4
1444200 -3.71742 -4
1444300 -3.90273 -4
1444400 -4.10995 -4
1444500 -4.17289 -4
1444600 -3.94996 -4
1444700 -3.80083 -4
1444800 -3.40701 -4
1444900 -3.59749 -4
1445000 -3.95531 -4
1445100 -4.42089 -4
1445200 -4.76028 -4
1445300 -4.67091 -4
1445400 -4.43163 -4
1445500 -4.17109 -4
1445600 -3.82145 -4
1445700 -3.63918 -4
1445800 -3.32433 -4
1445900 -3.19047 -4
1446000 -3.36296 -4
1446100 -3.77739 -4
1446200 -4.21167 -4
1446300 -4.3699 -4
1446400 -4.3518 -4
1446500 -4.22958 -4
1446600 -3.90416 -4
1446700 -3.57315 -4
1446800 -3.45516 -4
1446900 -3.42886 -4
1447000 -3.43195 -4
1447100 -3.30878 -4
1447200 -3.30695 -4
1447300 -3.3778 -4
1447400 -3.38944 -4
1447500 -3.2882 -4
1447600 -3.01818 -4
1447700 -2.65179 -4
1447800 -2.79146 -4
1447900 -3.32345 -4
1448000 -4.10564 -4
1448100 -4.51878 -4
1448200 -4.45956 -4
1448300 -4.3222 -4
1448400 -4.03483 -4
1448500 -3.84245 -4
1448600 -3.75929 -4
1448700 -3.68564 -4
1448800 -3.572 -4
1448900 -3.36437 -4
1449000 -3.40523 -4
1449100 -3.77227 -4
1449200 -4.2514 -4
1449300 -4.3482 -4
1449400 -4.44802 -4
1449500 -4.48138 -4
1449600 -4.29617 -4
1449700 -4.02438 -4
1449800 -3.75255 -4
1449900 -3.32968 -4
1450000 -3.06841 -4
1450100 -3.24917 -4
1450200 -3.7105 -4
1450300 -4.37344 -4
1450400 -4.8532 -4
1450500 -5.16542 -4
1450600 -5.12108 -4
1450700 -4.74992 -4
1450800 -4.29639 -4
1450900 -3.96489 -4
1451000 -4.04095 -4
1451100 -3.97636 -4
1451200 -3.99218 -4
1451300 -4.31823 -4
1451400 -4.63548 -4
1451500 -5.04109 -4
1451600 -5.06316 -4
1451700 -5.02395 -4
1451800 -4.88084 -4
1451900 -4.70198 -4
1452000 -4.47655 -4
1452100 -4.14901 -4
1452200 -3.8811 -4
1452300 -3.59501 -4
1452400 -3.41332 -4
1452500 -3.35876 -4
1452600 -3.52175 -4
1452700 -3.81127 -4
1452800 -4.28137 -4
1452900 -4.53751 -4
1453000 -4.91982 -4
1453100 -5.2185 -4
1453200 -5.11215 -4
1453300 -4.79068 -4
1453400 -4.33265 -4
1453500 -4.13644 -4
1453600 -3.84607 -4
1453700 -3.65798 -4
1453800 -3.81652 -4
1453900 -4.07498 -4
1454000 -4.36472 -4
1454100 -4.44652 -4
1454200 -4.34556 -4
1454300 -4.10786 -4
1454400 -4.06434 -4
1454500 -4.08843 -4
1454600 -3.99015 -4
1454700 -3.97698 -4
1454800 -4.11478 -4
1454900 -4.54352 -4
1455000 -4.97572 -4
1455100 -5.13846 -4
1455200 -5.18569 -4
1455300 -5.06065 -4
1455400 -4.73771 -4
1455500 -4.62363 -4
1455600 -4.56584 -4
1455700 -4.46952 -4
1455800 -4.48386 -4
1455900 -4.58996 -4
1456000 -4.39117 -4
1456100 -4.13841 -4
1456200 -4.04051 -4
1456300 -3.78181 -4
1456400 -3.73818 -4
1456500 -3.62542 -4
1456600 -3.27886 -4
1456700 -2.87911 -4
1456800 -2.59855 -4
1456900 -2.50688 -4
1457000 -2.61732 -4
1457100 -3.07156 -4
1457200 -3.51909 -4
1457300 -4.30037 -4
1457400 -4.78702 -4
1457500 -5.03462 -4
1457600 -4.86627 -4
1457700 -4.48085 -4
1457800 -4.1982 -4
1457900 -3.88711 -4
1458000 -3.87781 -4
1458100 -3.97423 -4
1458200 -4.24166 -4
1458300 -4.61855 -4
1458400 -4.98483 -4
1458500 -4.97666 -4
1458600 -4.72923 -4
1458700 -4.85125 -4
1458800 -4.99363 -4
1458900 -4.77143 -4
1459000 -4.47607 -4
1459100 -4.11216 -4
1459200 -3.67791 -4
1459300 -3.33995 -4
1459400 -3.25465 -4
1459500 -3.31188 -4
1459600 -3.65681 -4
1459700 -4.03079 -4
1459800 -4.00927 -4
1459900 -3.82158 -4
1460000 -3.9499 -4
1460100 -4.1048 -4
1460200 -4.51599 -4
1460300 -4.75021 -4
1460400 -4.65566 -4
1460500 -4.36875 -4
1460600 -3.92977 -4
1460700 -3.84692 -4
1460800 -3.95132 -4
1460900 -4.17027 -4
1461000 -4.39212 -4
1461100 -4.41612 -4
1461200 -4.26228 -4
1461300 -3.97714 -4
1461400 -3.7543 -4
1461500 -3.70627 -4
1461600 -3.72636 -4
1461700 -3.5952 -4
1461800 -3.57549 -4
1461900 -3.75007 -4
1462000 -3.94813 -4
1462100 -4.07079 -4
1462200 -4.17996 -4
1462300 -4.05625 -4
1462400 -3.81903 -4
1462500 -3.67285 -4
1462600 -3.76481 -4
1462700 -3.85133 -4
1462800 -4.02067 -4
1462900 -4.54237 -4
1463000 -5.2264 -4
1463100 -5.65878 -4
1463200 -6.03388 -4
1463300 -6.1553 -4
1463400 -5.87085 -4
1463500 -5.56615 -4
1463600 -5.24973 -4
1463700 -4.88109 -4
1463800 -4.70121 -4
1463900 -4.591 -4
1464000 -4.42579 -4
1464100 -4.29707 -4
1464200 -4.16174 -4
1464300 -3.8964 -4
1464400 -3.96077 -4
1464500 -4.33178 -4
1464600 -4.82732 -4
1464700 -5.1145 -4
1464800 -4.83022 -4
1464900 -4.31324 -4
1465000 -4.20196 -4
1465100 -4.21811 -4
1465200 -4.19109 -4
1465300 -4.15178 -4
1465400 -4.05463 -4
1465500 -3.7984 -4
1465600 -3.79472 -4
1465700 -3.80448 -4
1465800 -3.96817 -4
1465900 -4.3974 -4
1466000 -4.73163 -4
1466100 -4.80046 -4
1466200 -4.8185 -4
1466300 -4.6744 -4
1466400 -4.3392 -4
1466500 -4.08747 -4
1466600 -4.17458 -4
1466700 -4.24701 -4
1466800 -4.096 -4
1466900 -3.84661 -4
1467000 -3.58926 -4
1467100 -3.36409 -4
1467200 -3.17848 -4
1467300 -2.92562 -4
1467400 -3.00734 -4
1467500 -3.28909 -4
1467600 -3.56654 -4
1467700 -3.71657 -4
1467800 -3.95545 -4
1467900 -4.04968 -4
1468000 -4.13273 -4
1468100 -4.28365 -4
1468200 -4.31629 -4
1468300 -4.32523 -4
1468400 -4.52442 -4
1468500 -4.86423 -4
1468600 -5.0216 -4
1468700 -5.00662 -4
1468800 -4.80106 -4
1468900 -4.44884 -4
1469000 -4.08563 -4
1469100 -4.00805 -4
1469200 -3.95454 -4
1469300 -4.10686 -4
1469400 -4.17546 -4
1469500 -4.1576 -4
1469600 -4.2683 -4
1469700 -4.47968 -4
1469800 -4.5724 -4
1469900 -4.57225 -4
1470000 -4.47407 -4
1470100 -4.56693 -4
1470200 -4.79647 -4
1470300 -4.71726 -4
1470400 -4.42774 -4
1470500 -3.79959 -4
1470600 -3.45725 -4
1470700 -3.51019 -4
1470800 -3.65108 -4
1470900 -3.65761 -4
1471000 -3.49326 -4
1471100 -3.26807 -4
1471200 -3.29545 -4
1471300 -3.83132 -4
1471400 -4.29664 -4
1471500 -4.68192 -4
1471600 -5.15546 -4
1471700 -5.50103 -4
1471800 -5.54764 -4
1471900 -5.29799 -4
1472000 -4.74438 -4
1472100 -4.1022 -4
1472200 -3.88138 -4
1472300 -3.98273 -4
1472400 -4.08595 -4
1472500 -4.14812 -4
1472600 -4.14274 -4
1472700 -4.03879 -4
1472800 -3.94526 -4
1472900 -3.76448 -4
1473000 -3.71399 -4
1473100 -4.13868 -4
1473200 -4.52982 -4
1473300 -4.86792 -4
1473400 -5.05446 -4
1473500 -5.30652 -4
1473600 -5.33333 -4
1473700 -4.98446 -4
1473800 -4.498 -4
1473900 -4.18027 -4
1474000 -4.08577 -4
1474100 -4.07627 -4
1474200 -4.2888 -4
1474300 -4.29392 -4
1474400 -4.14415 -4
1474500 -3.90767 -4
1474600 -3.73732 -4
1474700 -4.01466 -4
1474800 -4.3016 -4
1474900 -4.58832 -4
1475000 -4.87883 -4
1475100 -5.12885 -4
1475200 -5.00352 -4
1475300 -4.7388 -4
1475400 -4.79919 -4
1475500 -4.86773 -4
1475600 -4.42991 -4
1475700 -3.8944 -4
1475800 -3.20157 -4
1475900 -2.62924 -4
1476000 -2.72873 -4
1476100 -3.2548 -4
1476200 -3.81247 -4
1476300 -4.33962 -4
1476400 -4.8255 -4
1476500 -5.16455 -4
1476600 -5.20819 -4
1476700 -5.1273 -4
1476800 -5.00959 -4
1476900 -4.87365 -4
1477000 -4.87906 -4
1477100 -4.74119 -4
1477200 -4.18233 -4
1477300 -3.88967 -4
1477400 -3.72283 -4
1477500 -3.73836 -4
1477600 -3.84097 -4
1477700 -3.78246 -4
1477800 -3.9068 -4
1477900 -4.00465 -4
1478000 -4.3274 -4
1478100 -4.88116 -4
1478200 -4.85575 -4
1478300 -4.6698 -4
1478400 -4.64413 -4
1478500 -4.49851 -4
1478600 -4.34798 -4
1478700 -3.96117 -4
1478800 -3.25679 -4
1478900 -2.71535 -4
1479000 -2.80024 -4
1479100 -3.49161 -4
1479200 -4.05391 -4
1479300 -4.0668 -4
1479400 -3.72387 -4
1479500 -3.35096 -4
1479600 -3.11268 -4
1479700 -3.37066 -4
1479800 -3.81808 -4
1479900 -4.15657 -4
1480000 -4.47697 -4
1480100 -4.53438 -4
1480200 -4.58269 -4
1480300 -4.68663 -4
1480400 -4.70278 -4
1480500 -4.64907 -4
1480600 -4.61403 -4
1480700 -4.58323 -4
1480800 -4.42133 -4
1480900 -4.13048 -4
1481000 -3.56795 -4
1481100 -2.95983 -4
1481200 -2.51268 -4
1481300 -2.58323 -4
1481400 -3.08252 -4
1481500 -3.51737 -4
1481600 -4.09295 -4
1481700 -4.64671 -4
1481800 -4.7146 -4
1481900 -4.59395 -4
1482000 -4.46425 -4
1482100 -4.31259 -4
1482200 -4.25407 -4
1482300 -4.13885 -4
1482400 -4.05999 -4
1482500 -4.04077 -4
1482600 -4.11845 -4
1482700 -4.22027 -4
1482800 -4.18081 -4
1482900 -4.06118 -4
1483000 -4.07417 -4
1483100 -4.13873 -4
1483200 -4.16164 -4
1483300 -4.10741 -4
1483400 -4.22651 -4
1483500 -4.58314 -4
1483600 -4.87122 -4
1483700 -5.0763 -4
1483800 -5.17514 -4
1483900 -5.12042 -4
1484000 -4.99881 -4
1484100 -5.04331 -4
1484200 -5.21462 -4
1484300 -5.34965 -4
1484400 -5.25448 -4
1484500 -4.79184 -4
1484600 -4.25096 -4
1484700 -3.79325 -4
1484800 -3.40183 -4
1484900 -3.01768 -4
1485000 -2.86218 -4
1485100 -3.07911 -4
1485200 -3.47325 -4
1485300 -3.99218 -4
1485400 -4.47809 -4
1485500 -4.96427 -4
1485600 -5.34894 -4
1485700 -5.67965 -4
1485800 -5.63236 -4
1485900 -5.42226 -4
1486000 -5.00668 -4
1486100 -4.76692 -4
1486200 -4.51844 -4
1486300 -4.15366 -4
1486400 -3.78266 -4
1486500 -3.77949 -4
1486600 -4.09094 -4
1486700 -4.42447 -4
1486800 -4.83382 -4
1486900 -5.10499 -4
1487000 -5.32114 -4
1487100 -5.53052 -4
1487200 -5.65935 -4
1487300 -5.45161 -4
1487400 -5.14379 -4
1487500 -4.67824 -4
1487600 -4.20852 -4
1487700 -3.99427 -4
1487800 -3.97022 -4
1487900 -4.12262 -4
1488000 -4.28016 -4
1488100 -4.40084 -4
1488200 -4.21636 -4
1488300 -3.70703 -4
1488400 -3.33895 -4
1488500 -3.2099 -4
1488600 -3.23191 -4
1488700 -3.49233 -4
1488800 -3.73297 -4
1488900 -3.99259 -4
1489000 -4.04199 -4
1489100 -4.08144 -4
1489200 -4.23655 -4
1489300 -4.26804 -4
1489400 -4.09368 -4
1489500 -3.95064 -4
1489600 -4.1813 -4
1489700 -4.39454 -4
1489800 -4.28676 -4
1489900 -4.07225 -4
1490000 -3.75859 -4
1490100 -3.44861 -4
1490200 -3.33774 -4
1490300 -3.56541 -4
1490400 -3.85404 -4
1490500 -4.13719 -4
1490600 -4.23678 -4
1490700 -4.15695 -4
1490800 -4.08389 -4
1490900 -3.74885 -4
1491000 -3.17366 -4
1491100 -2.6806 -4
1491200 -2.30055 -4
1491300 -2.18295 -4
1491400 -2.34699 -4
1491500 -2.89789 -4
1491600 -3.46625 -4
1491700 -3.80044 -4
1491800 -4.09323 -4
1491900 -4.21201 -4
1492000 -4.21073 -4
1492100 -4.07436 -4
1492200 -3.86827 -4
1492300 -3.68003 -4
1492400 -3.518 -4
1492500 -3.16052 -4
1492600 -2.88565 -4
1492700 -2.96486 -4
1492800 -3.10224 -4
1492900 -3.34634 -4
1493000 -3.59332 -4
1493100 -3.89143 -4
1493200 -4.02693 -4
1493300 -4.00261 -4
1493400 -3.94789 -4
1493500 -3.62694 -4
1493600 -3.46228 -4
1493700 -3.57754 -4
1493800 -3.71194 -4
1493900 -3.79919 -4
1494000 -3.72218 -4
1494100 -3.67315 -4
1494200 -3.2917 -4
1494300 -2.74434 -4
1494400 -2.55877 -4
1494500 -2.64206 -4
1494600 -2.88542 -4
1494700 -3.40777 -4
1494800 -3.94983 -4
1494900 -4.33731 -4
1495000 -4.55265 -4
1495100 -4.45973 -4
1495200 -4.13519 -4
1495300 -3.95543 -4
1495400 -4.12223 -4
1495500 -4.47291 -4
1495600 -4.78384 -4
1495700 -4.99152 -4
1495800 -4.74657 -4
1495900 -4.38747 -4
1496000 -4.06394 -4
1496100 -4.11552 -4
1496200 -4.2364 -4
1496300 -4.24689 -4
1496400 -4.2733 -4
1496500 -4.0033 -4
1496600 -3.58648 -4
1496700 -3.26718 -4
1496800 -3.0643 -4
1496900 -3.03685 -4
1497000 -3.22352 -4
1497100 -3.50451 -4
1497200 -3.75792 -4
1497300 -3.82765 -4
1497400 -4.11709 -4
1497500 -4.2372 -4
1497600 -4.37538 -4
1497700 -4.24523 -4
1497800 -4.02738 -4
1497900 -3.9245 -4
1498000 -3.97541 -4
1498100 -3.92712 -4
1498200 -3.91706 -4
1498300 -4.03166 -4
1498400 -4.20378 -4
1498500 -4.37374 -4
1498600 -4.64041 -4
1498700 -4.88543 -4
1498800 -4.87193 -4
1498900 -4.51544 -4
1499000 -4.20606 -4
1499100 -4.11607 -4
1499200 -4.04047 -4
1499300 -3.68915 -4
1499400 -3.29777 -4
1499500 -3.01749 -4
1499600 -3.13613 -4
1499700 -3.54823 -4
1499800 -3.96802 -4
1499900 -4.31095 -4
1500000 -4.56606 -4
1500100 -4.73509 -4
1500200 -4.71276 -4
1500300 -4.53617 -4
1500400 -4.29074 -4
1500500 -3.83597 -4
1500600 -3.17065 -4
1500700 -2.74382 -4
1500800 -2.76495 -4
1500900 -3.08783 -4
1501000 -3.54441 -4
1501100 -3.93783 -4
1501200 -4.09424 -4
1501300 -3.9282 -4
1501400 -3.61919 -4
1501500 -3.52862 -4
1501600 -3.69417 -4
1501700 -3.91754 -4
1501800 -4.10263 -4
1501900 -4.31925 -4
1502000 -4.49368 -4
1502100 -4.77724 -4
1502200 -4.81249 -4
1502300 -4.86733 -4
1502400 -4.87502 -4
1502500 -4.54195 -4
1502600 -4.39992 -4
1502700 -4.26576 -4
1502800 -4.22351 -4
1502900 -3.96722 -4
1503000 -3.7518 -4
1503100 -3.73366 -4
1503200 -3.69125 -4
1503300 -3.29309 -4
1503400 -3.02058 -4
1503500 -2.80001 -4
1503600 -2.68745 -4
1503700 -2.74074 -4
1503800 -2.81959 -4
1503900 -2.82484 -4
1504000 -3.00356 -4
1504100 -2.95658 -4
1504200 -2.9155 -4
1504300 -2.93755 -4
1504400 -3.00796 -4
1504500 -2.97524 -4
1504600 -3.05056 -4
1504700 -3.26657 -4
1504800 -3.50197 -4
1504900 -3.64722 -4
1505000 -3.51284 -4
1505100 -3.3631 -4
1505200 -3.35969 -4
1505300 -3.38221 -4
1505400 -3.34518 -4
1505500 -3.50551 -4
1505600 -4.08127 -4
1505700 -4.52317 -4
1505800 -4.6459 -4
1505900 -4.50528 -4
1506000 -4.11815 -4
1506100 -3.87797 -4
1506200 -3.92611 -4
1506300 -3.96779 -4
1506400 -4.17552 -4
1506500 -4.56486 -4
1506600 -4.84301 -4
1506700 -4.9945 -4
1506800 -5.03179 -4
1506900 -4.93767 -4
1507000 -4.93161 -4
1507100 -4.90608 -4
1507200 -4.88375 -4
1507300 -4.92829 -4
1507400 -4.83733 -4
1507500 -4.22407 -4
1507600 -3.67934 -4
1507700 -3.21143 -4
1507800 -2.76284 -4
1507900 -2.42474 -4
1508000 -2.40374 -4
1508100 -2.56619 -4
1508200 -2.68981 -4
1508300 -2.80258 -4
1508400 -3.04438 -4
1508500 -3.47225 -4
1508600 -3.86423 -4
1508700 -3.96981 -4
1508800 -3.90702 -4
1508900 -3.86658 -4
1509000 -4.04617 -4
1509100 -4.02039 -4
1509200 -3.80694 -4
1509300 -3.90643 -4
1509400 -4.29521 -4
1509500 -4.95136 -4
1509600 -5.59726 -4
1509700 -5.88515 -4
1509800 -5.70964 -4
1509900 -5.26441 -4
1510000 -4.68319 -4
1510100 -4.1069 -4
1510200 -3.88634 -4
1510300 -3.75051 -4
1510400 -3.84411 -4
1510500 -4.0963 -4
1510600 -4.42699 -4
1510700 -4.5252 -4
1510800 -4.21914 -4
1510900 -3.89536 -4
1511000 -3.63647 -4
1511100 -3.63465 -4
1511200 -3.66538 -4
1511300 -3.90682 -4
1511400 -3.95662 -4
1511500 -4.02875 -4
1511600 -4.40578 -4
1511700 -4.96827 -4
1511800 -5.24064 -4
1511900 -5.14969 -4
1512000 -4.86405 -4
1512100 -4.42932 -4
1512200 -3.73015 -4
1512300 -3.31415 -4
1512400 -3.16855 -4
1512500 -3.10476 -4
1512600 -3.12772 -4
1512700 -3.33303 -4
1512800 -3.70675 -4
1512900 -3.77369 -4
1513000 -3.61863 -4
1513100 -3.66305 -4
1513200 -3.94468 -4
1513300 -4.21011 -4
1513400 -4.38743 -4
1513500 -4.60519 -4
1513600 -4.76523 -4
1513700 -4.81102 -4
1513800 -4.71066 -4
1513900 -4.50825 -4
1514000 -4.17779 -4
1514100 -3.99308 -4
1514200 -4.06217 -4
1514300 -4.41151 -4
1514400 -4.81342 -4
1514500 -5.06446 -4
1514600 -4.89171 -4
1514700 -4.36935 -4
1514800 -3.70692 -4
1514900 -3.04859 -4
1515000 -2.63839 -4
1515100 -2.60827 -4
1515200 -2.95239 -4
1515300 -3.49146 -4
1515400 -3.86737 -4
1515500 -4.07337 -4
1515600 -3.93978 -4
1515700 -3.60908 -4
1515800 -3.38302 -4
1515900 -3.27713 -4
1516000 -3.22339 -4
1516100 -3.09273 -4
1516200 -3.09248 -4
1516300 -3.16179 -4
1516400 -3.38873 -4
1516500 -3.65422 -4
1516600 -4.06161 -4
1516700 -4.31372 -4
1516800 -4.34125 -4
1516900 -4.07871 -4
1517000 -3.88241 -4
1517100 -4.09047 -4
1517200 -4.38761 -4
1517300 -4.47888 -4
1517400 -4.35963 -4
1517500 -4.06288 -4
1517600 -3.8922 -4
1517700 -3.62746 -4
1517800 -3.67522 -4
1517900 -3.92928 -4
1518000 -4.13871 -4
1518100 -4.33446 -4
1518200 -4.26697 -4
1518300 -4.0126 -4
1518400 -3.68792 -4
1518500 -3.2373 -4
1518600 -2.72102 -4
1518700 -2.69845 -4
1518800 -2.86194 -4
1518900 -3.24177 -4
1519000 -3.71642 -4
1519100 -4.27701 -4
1519200 -4.72912 -4
1519300 -5.10492 -4
1519400 -4.97719 -4
1519500 -4.71781 -4
1519600 -4.33125 -4
1519700 -3.73583 -4
1519800 -3.55484 -4
1519900 -3.45732 -4
1520000 -3.03197 -4
1520100 -2.79855 -4
1520200 -2.6694 -4
1520300 -2.57934 -4
1520400 -2.91834 -4
1520500 -3.30471 -4
1520600 -3.7198 -4
1520700 -4.02403 -4
1520800 -4.29033 -4
1520900 -4.53912 -4
1521000 -4.91235 -4
1521100 -5.10648 -4
1521200 -5.06224 -4
1521300 -4.82971 -4
1521400 -4.60597 -4
1521500 -4.27405 -4
1521600 -3.78325 -4
1521700 -3.44575 -4
1521800 -3.69281 -4
1521900 -4.17151 -4
1522000 -4.44966 -4
1522100 -4.38275 -4
1522200 -4.47981 -4
1522300 -4.83328 -4
1522400 -5.07658 -4
1522500 -4.79289 -4
1522600 -4.55569 -4
1522700 -4.61092 -4
1522800 -4.62346 -4
1522900 -4.83951 -4
1523000 -5.13723 -4
1523100 -5.46755 -4
1523200 -5.27259 -4
1523300 -4.5988 -4
1523400 -4.01029 -4
1523500 -3.47277 -4
1523600 -2.98503 -4
1523700 -2.83989 -4
1523800 -3.27371 -4
1523900 -3.80903 -4
1524000 -4.24371 -4
1524100 -4.76422 -4
1524200 -5.14105 -4
1524300 -5.2847 -4
1524400 -5.24177 -4
1524500 -4.97328 -4
1524600 -4.64454 -4
1524700 -4.5252 -4
1524800 -4.4681 -4
1524900 -4.41372 -4
1525000 -4.33798 -4
1525100 -4.30771 -4
1525200 -4.35724 -4
1525300 -4.33908 -4
1525400 -3.97608 -4
1525500 -3.6411 -4
1525600 -3.49538 -4
1525700 -3.57317 -4
1525800 -3.68617 -4
1525900 -3.7231 -4
1526000 -3.83376 -4
1526100 -4.01553 -4
1526200 -4.0705 -4
1526300 -3.85413 -4
1526400 -3.63915 -4
1526500 -3.74309 -4
1526600 -3.75987 -4
1526700 -3.82265 -4
1526800 -3.87272 -4
1526900 -3.86679 -4
1527000 -4.05319 -4
1527100 -4.43524 -4
1527200 -4.65877 -4
1527300 -4.6321 -4
1527400 -4.52142 -4
1527500 -4.3546 -4
1527600 -4.33895 -4
1527700 -4.27587 -4
1527800 -4.16791 -4
1527900 -4.01015 -4
1528000 -3.48745 -4
1528100 -3.08461 -4
1528200 -2.8764 -4
1528300 -3.14412 -4
1528400 -3.60778 -4
1528500 -4.10079 -4
1528600 -4.51879 -4
1528700 -4.9593 -4
1528800 -5.038 -4
1528900 -4.97583 -4
1529000 -4.80539 -4
1529100 -4.37526 -4
1529200 -4.08575 -4
1529300 -3.81959 -4
1529400 -3.70151 -4
1529500 -3.65336 -4
1529600 -3.6377 -4
1529700 -3.74864 -4
1529800 -3.80394 -4
1529900 -3.96844 -4
1530000 -3.96084 -4
1530100 -3.4419 -4
1530200 -3.32512 -4
1530300 -3.2717 -4
1530400 -3.35201 -4
1530500 -3.75292 -4
1530600 -4.11764 -4
1530700 -4.14314 -4
1530800 -3.78981 -4
1530900 -3.55442 -4
1531000 -3.80578 -4
1531100 -4.19091 -4
1531200 -4.35716 -4
1531300 -4.52416 -4
1531400 -4.51348 -4
1531500 -4.17655 -4
1531600 -3.82409 -4
1531700 -3.56293 -4
1531800 -3.53291 -4
1531900 -3.84077 -4
1532000 -4.00553 -4
1532100 -4.03471 -4
1532200 -4.16687 -4
1532300 -4.35178 -4
1532400 -4.31819 -4
1532500 -4.02718 -4
1532600 -3.96457 -4
1532700 -4.23222 -4
1532800 -4.5657 -4
1532900 -4.69926 -4
1533000 -4.71517 -4
1533100 -4.70759 -4
1533200 -4.64828 -4
1533300 -4.53674 -4
1533400 -4.36561 -4
1533500 -3.94967 -4
1533600 -3.16948 -4
1533700 -2.68806 -4
1533800 -2.80163 -4
1533900 -2.89006 -4
1534000 -3.03245 -4
1534100 -3.39457 -4
1534200 -3.63668 -4
1534300 -3.7655 -4
1534400 -3.6814 -4
1534500 -3.57822 -4
1534600 -3.61397 -4
1534700 -3.75386 -4
1534800 -4.10456 -4
1534900 -4.49685 -4
1535000 -4.70182 -4
1535100 -4.56551 -4
1535200 -4.18858 -4
1535300 -3.79806 -4
1535400 -3.80792 -4
1535500 -3.95818 -4
1535600 -4.07442 -4
1535700 -3.99669 -4
1535800 -4.02611 -4
1535900 -4.08532 -4
1536000 -4.05882 -4
1536100 -4.0569 -4
1536200 -3.97482 -4
1536300 -3.8399 -4
1536400 -3.63917 -4
1536500 -3.25947 -4
1536600 -3.20635 -4
1536700 -3.42156 -4
1536800 -3.6924 -4
1536900 -3.90786 -4
1537000 -3.79952 -4
1537100 -3.72416 -4
1537200 -3.90288 -4
1537300 -3.98519 -4
1537400 -4.20412 -4
1537500 -4.54898 -4
1537600 -4.75349 -4
1537700 -4.881 -4
1537800 -4.68477 -4
1537900 -4.24953 -4
1538000 -3.7687 -4
1538100 -3.50662 -4
1538200 -3.58261 -4
1538300 -3.70005 -4
1538400 -3.7171 -4
1538500 -4.13242 -4
1538600 -4.84529 -4
1538700 -5.34188 -4
1538800 -5.52858 -4
1538900 -5.71127 -4
1539000 -5.76655 -4
1539100 -5.84507 -4
1539200 -5.95301 -4
1539300 -5.93146 -4
1539400 -5.67249 -4
1539500 -5.35311 -4
1539600 -4.96347 -4
1539700 -4.48424 -4
1539800 -4.23386 -4
1539900 -4.12262 -4
1540000 -3.95578 -4
1540100 -3.75591 -4
1540200 -3.58977 -4
1540300 -3.51243 -4
1540400 -3.34713 -4
1540500 -3.173 -4
1540600 -3.04485 -4
1540700 -2.71146 -4
1540800 -2.21697 -4
1540900 -1.70223 -4
1541000 -1.34484 -4
1541100 -1.28706 -4
1541200 -1.26309 -4
1541300 -1.43798 -4
1541400 -1.99269 -4
1541500 -2.64129 -4
1541600 -3.40595 -4
1541700 -4.25899 -4
1541800 -4.75093 -4
1541900 -5.11264 -4
1542000 -5.19994 -4
1542100 -4.82343 -4
1542200 -4.17788 -4
1542300 -3.72071 -4
1542400 -3.63011 -4
1542500 -3.31586 -4
1542600 -2.93788 -4
1542700 -3.04724 -4
1542800 -3.52416 -4
1542900 -3.83335 -4
1543000 -4.05134 -4
1543100 -4.42832 -4
1543200 -4.7056 -4
1543300 -5.03702 -4
1543400 -5.2236 -4
1543500 -5.09827 -4
1543600 -4.77199 -4
1543700 -4.27443 -4
1543800 -3.77882 -4
1543900 -3.38994 -4
1544000 -3.28991 -4
1544100 -3.39616 -4
1544200 -3.5354 -4
1544300 -3.81287 -4
1544400 -4.02251 -4
1544500 -4.26623 -4
1544600 -4.45621 -4
1544700 -4.60705 -4
1544800 -4.88796 -4
1544900 -5.02406 -4
1545000 -4.84424 -4
1545100 -4.34826 -4
1545200 -4.05237 -4
1545300 -4.14053 -4
1545400 -4.24776 -4
1545500 -4.19823 -4
1545600 -4.03083 -4
1545700 -4.00132 -4
1545800 -4.03429 -4
1545900 -4.29853 -4
1546000 -4.31751 -4
1546100 -4.09775 -4
1546200 -3.80556 -4
1546300 -3.94222 -4
1546400 -4.52957 -4
1546500 -4.98048 -4
1546600 -5.24066 -4
1546700 -5.37062 -4
1546800 -5.36159 -4
1546900 -5.19134 -4
1547000 -4.85353 -4
1547100 -4.49778 -4
1547200 -4.3672 -4
1547300 -4.28208 -4
1547400 -3.98557 -4
1547500 -3.63486 -4
1547600 -3.39802 -4
1547700 -3.33236 -4
1547800 -3.53329 -4
1547900 -3.85005 -4
1548000 -4.09881 -4
1548100 -4.24885 -4
1548200 -4.57374 -4
1548300 -5.09927 -4
1548400 -5.36359 -4
1548500 -5.20605 -4
1548600 -4.82577 -4
1548700 -4.5113 -4
1548800 -4.39995 -4
1548900 -4.40193 -4
1549000 -4.51627 -4
1549100 -4.5304 -4
1549200 -4.65659 -4
1549300 -4.82108 -4
1549400 -4.80528 -4
1549500 -4.80811 -4
1549600 -4.89596 -4
1549700 -4.88909 -4
1549800 -4.69168 -4
1549900 -4.2021 -4
1550000 -3.77664 -4
1550100 -3.39729 -4
1550200 -3.34532 -4
1550300 -3.29917 -4
1550400 -3.28618 -4
1550500 -3.3302 -4
1550600 -3.29493 -4
1550700 -3.10043 -4
1550800 -3.24826 -4
1550900 -3.65486 -4
1551000 -4.17265 -4
1551100 -4.42192 -4
1551200 -4.41865 -4
1551300 -4.33996 -4
1551400 -4.06402 -4
1551500 -3.75916 -4
1551600 -3.6564 -4
1551700 -3.54312 -4
1551800 -3.32896 -4
1551900 -3.24037 -4
1552000 -3.21763 -4
1552100 -3.16923 -4
1552200 -3.05694 -4
1552300 -3.10274 -4
1552400 -3.33424 -4
1552500 -3.85088 -4
1552600 -4.35566 -4
1552700 -4.80658 -4
1552800 -5.04316 -4
1552900 -4.84112 -4
1553000 -4.56628 -4
1553100 -4.2596 -4
1553200 -4.00544 -4
1553300 -4.12431 -4
1553400 -4.09998 -4
1553500 -3.90811 -4
1553600 -3.74977 -4
1553700 -3.74975 -4
1553800 -3.9571 -4
1553900 -4.08686 -4
1554000 -4.01456 -4
1554100 -3.8866 -4
1554200 -3.8242 -4
1554300 -3.99557 -4
1554400 -4.26994 -4
1554500 -4.35845 -4
1554600 -4.32446 -4
1554700 -4.29203 -4
1554800 -4.39272 -4
1554900 -4.42433 -4
1555000 -4.6162 -4
1555100 -4.63187 -4
1555200 -4.74188 -4
1555300 -4.77691 -4
1555400 -4.7333 -4
1555500 -4.82868 -4
1555600 -4.43431 -4
1555700 -3.80699 -4
1555800 -3.51233 -4
1555900 -3.38069 -4
1556000 -3.34533 -4
1556100 -3.19834 -4
1556200 -3.28642 -4
1556300 -3.36915 -4
1556400 -3.36117 -4
1556500 -3.13337 -4
1556600 -3.21078 -4
1556700 -3.29157 -4
1556800 -3.32974 -4
1556900 -3.46573 -4
1557000 -3.74154 -4
1557100 -3.99043 -4
1557200 -4.16194 -4
1557300 -4.01019 -4
1557400 -3.68789 -4
1557500 -3.65466 -4
1557600 -3.59827 -4
1557700 -3.83979 -4
1557800 -3.64653 -4
1557900 -3.22647 -4
1558000 -2.74487 -4
1558100 -2.5105 -4
1558200 -2.43792 -4
1558300 -2.51766 -4
1558400 -2.58075 -4
1558500 -2.99081 -4
1558600 -3.7018 -4
1558700 -4.41463 -4
1558800 -4.77503 -4
1558900 -4.82289 -4
1559000 -4.54628 -4
1559100 -4.27766 -4
1559200 -4.13524 -4
1559300 -4.17944 -4
1559400 -4.50577 -4
1559500 -4.87661 -4
1559600 -5.23996 -4
1559700 -5.47995 -4
1559800 -5.48397 -4
1559900 -5.63457 -4
1560000 -5.56185 -4
1560100 -5.64038 -4
1560200 -5.62301 -4
1560300 -5.40359 -4
1560400 -5.19646 -4
1560500 -4.90065 -4
1560600 -4.36771 -4
1560700 -4.0797 -4
1560800 -4.07395 -4
1560900 -4.03313 -4
1561000 -4.26863 -4
1561100 -4.63351 -4
1561200 -5.20488 -4
1561300 -5.38351 -4
1561400 -5.36963 -4
1561500 -5.51169 -4
1561600 -5.69831 -4
1561700 -5.67221 -4
1561800 -5.24456 -4
1561900 -4.83613 -4
1562000 -4.54316 -4
1562100 -4.21992 -4
1562200 -3.98739 -4
1562300 -3.66323 -4
1562400 -3.45449 -4
1562500 -3.48409 -4
1562600 -3.725 -4
1562700 -3.94908 -4
1562800 -4.29575 -4
1562900 -4.51497 -4
1563000 -4.4994 -4
1563100 -4.3779 -4
1563200 -4.24465 -4
1563300 -3.91218 -4
1563400 -3.65829 -4
1563500 -3.39176 -4
1563600 -2.95209 -4
1563700 -2.69856 -4
1563800 -2.81915 -4
1563900 -3.04516 -4
1564000 -3.39528 -4
1564100 -4.00466 -4
1564200 -4.58765 -4
1564300 -5.22182 -4
1564400 -5.61017 -4
1564500 -5.59125 -4
1564600 -5.27103 -4
1564700 -4.73047 -4
1564800 -4.31456 -4
1564900 -3.98806 -4
1565000 -3.72717 -4
1565100 -3.82406 -4
1565200 -4.13101 -4
1565300 -4.36882 -4
1565400 -4.14397 -4
1565500 -3.62494 -4
1565600 -3.5586 -4
1565700 -3.78163 -4
1565800 -4.20064 -4
1565900 -4.7293 -4
1566000 -4.91482 -4
1566100 -4.87143 -4
1566200 -4.69171 -4
1566300 -4.59165 -4
1566400 -4.3802 -4
1566500 -4.40614 -4
1566600 -4.66734 -4
1566700 -4.76983 -4
1566800 -4.68981 -4
1566900 -4.57456 -4
1567000 -4.49455 -4
1567100 -4.47564 -4
1567200 -4.47834 -4
1567300 -4.5031 -4
1567400 -4.4435 -4
1567500 -4.20145 -4
1567600 -4.06349 -4
1567700 -3.87677 -4
1567800 -3.51268 -4
1567900 -3.42837 -4
1568000 -3.2341 -4
1568100 -3.10261 -4
1568200 -3.37774 -4
1568300 -3.67369 -4
1568400 -3.9809 -4
1568500 -4.0774 -4
1568600 -4.12839 -4
1568700 -4.0305 -4
1568800 -3.74057 -4
1568900 -3.50915 -4
1569000 -3.59011 -4
1569100 -3.78478 -4
1569200 -3.54746 -4
1569300 -3.22784 -4
1569400 -3.27954 -4
1569500 -3.31487 -4
1569600 -3.43494 -4
1569700 -3.7321 -4
1569800 -3.93489 -4
1569900 -4.29737 -4
1570000 -4.7364 -4
1570100 -4.93971 -4
1570200 -4.79907 -4
1570300 -4.44859 -4
1570400 -4.19486 -4
1570500 -4.11609 -4
1570600 -4.12114 -4
1570700 -4.08555 -4
1570800 -4.17538 -4
1570900 -4.17089 -4
1571000 -3.99367 -4
1571100 -3.91989 -4
1571200 -3.85562 -4
1571300 -3.84429 -4
1571400 -3.57603 -4
1571500 -3.50339 -4
1571600 -3.79441 -4
1571700 -4.19878 -4
1571800 -4.51106 -4
1571900 -4.46154 -4
1572000 -4.18962 -4
1572100 -4.08301 -4
1572200 -3.96113 -4
1572300 -4.04748 -4
1572400 -4.11914 -4
1572500 -4.17627 -4
1572600 -4.28218 -4
1572700 -4.25242 -4
1572800 -4.11776 -4
1572900 -3.69746 -4
1573000 -3.19555 -4
1573100 -3.0203 -4
1573200 -2.85662 -4
1573300 -2.91914 -4
1573400 -3.16199 -4
1573500 -3.52896 -4
1573600 -3.82244 -4
1573700 -4.15299 -4
1573800 -4.33005 -4
1573900 -4.58445 -4
1574000 -4.81435 -4
1574100 -4.81032 -4
1574200 -4.59072 -4
1574300 -4.44858 -4
1574400 -4.57361 -4
1574500 -4.72691 -4
1574600 -4.52869 -4
1574700 -4.23345 -4
1574800 -4.08345 -4
1574900 -4.12858 -4
1575000 -3.93762 -4
1575100 -3.60649 -4
1575200 -3.46468 -4
1575300 -3.62003 -4
1575400 -3.61476 -4
1575500 -3.58965 -4
1575600 -3.40593 -4
1575700 -3.32454 -4
1575800 -3.23025 -4
1575900 -3.23322 -4
1576000 -3.35593 -4
1576100 -3.44871 -4
1576200 -3.4507 -4
1576300 -3.48933 -4
1576400 -3.70712 -4
1576500 -4.05155 -4
1576600 -4.21834 -4
1576700 -4.33222 -4
1576800 -4.61572 -4
1576900 -4.75591 -4
1577000 -4.74953 -4
1577100 -4.64137 -4
1577200 -4.36992 -4
1577300 -3.9601 -4
1577400 -3.88932 -4
1577500 -4.05293 -4
1577600 -4.46323 -4
1577700 -4.84743 -4
1577800 -4.97359 -4
1577900 -5.19931 -4
1578000 -5.16347 -4
1578100 -4.9609 -4
1578200 -4.91936 -4
1578300 -4.80269 -4
1578400 -4.63273 -4
1578500 -4.52501 -4
1578600 -4.39432 -4
1578700 -4.31256 -4
1578800 -4.55631 -4
1578900 -4.7142 -4
1579000 -4.90449 -4
1579100 -5.01943 -4
1579200 -4.97889 -4
1579300 -4.68833 -4
1579400 -4.18893 -4
1579500 -3.87408 -4
1579600 -3.92138 -4
1579700 -4.15504 -4
1579800 -4.35818 -4
1579900 -4.57399 -4
1580000 -4.55731 -4
1580100 -4.11552 -4
1580200 -3.64088 -4
1580300 -3.52312 -4
1580400 -3.48517 -4
1580500 -3.4281 -4
1580600 -3.50042 -4
1580700 -3.56786 -4
1580800 -3.76356 -4
1580900 -4.23605 -4
1581000 -4.71284 -4
1581100 -4.99723 -4
1581200 -5.00956 -4
1581300 -4.97233 -4
1581400 -4.65623 -4
1581500 -4.23038 -4
1581600 -3.70251 -4
1581700 -3.19226 -4
1581800 -2.73193 -4
1581900 -2.35824 -4
1582000 -2.01665 -4
1582100 -1.83709 -4
1582200 -2.35748 -4
1582300 -3.09027 -4
1582400 -3.78056 -4
1582500 -4.22745 -4
1582600 -4.41158 -4
1582700 -4.26368 -4
1582800 -3.79349 -4
1582900 -3.19706 -4
1583000 -3.00763 -4
1583100 -3.09158 -4
1583200 -3.31554 -4
1583300 -3.84102 -4
1583400 -4.35203 -4
1583500 -4.45495 -4
1583600 -4.64761 -4
1583700 -4.4773 -4
1583800 -4.09317 -4
1583900 -3.68361 -4
1584000 -3.27457 -4
1584100 -2.94234 -4
1584200 -2.91509 -4
1584300 -3.32335 -4
1584400 -3.73292 -4
1584500 -4.03648 -4
1584600 -3.95481 -4
1584700 -3.55945 -4
1584800 -3.28776 -4
1584900 -3.06821 -4
1585000 -2.69417 -4
1585100 -2.61377 -4
1585200 -2.6098 -4
1585300 -2.52349 -4
1585400 -2.67472 -4
1585500 -3.02595 -4
1585600 -3.41561 -4
1585700 -3.75711 -4
1585800 -4.2612 -4
1585900 -4.8403 -4
1586000 -5.25437 -4
1586100 -5.39684 -4
1586200 -5.36104 -4
1586300 -5.20466 -4
1586400 -4.93683 -4
1586500 -4.47375 -4
1586600 -4.04503 -4
1586700 -3.81968 -4
1586800 -3.67522 -4
1586900 -3.74397 -4
1587000 -3.79339 -4
1587100 -3.61706 -4
1587200 -3.45256 -4
1587300 -3.79294 -4
1587400 -4.44428 -4
1587500 -4.78263 -4
1587600 -4.97252 -4
1587700 -5.33492 -4
1587800 -5.53402 -4
1587900 -5.25946 -4
1588000 -4.72715 -4
1588100 -4.19388 -4
1588200 -3.82598 -4
1588300 -3.40721 -4
1588400 -3.21684 -4
1588500 -3.30958 -4
1588600 -3.58684 -4
1588700 -3.7718 -4
1588800 -3.8622 -4
1588900 -4.01771 -4
1589000 -4.32357 -4
1589100 -4.65279 -4
1589200 -4.99319 -4
1589300 -4.88922 -4
1589400 -4.53119 -4
1589500 -4.09389 -4
1589600 -3.85487 -4
1589700 -4.1717 -4
1589800 -4.58693 -4
1589900 -4.84987 -4
1590000 -4.97845 -4
