# Time-averaged data for fix myat1
# TimeStep v_xave v_xdes
70100 -27.7197 -28
70200 -27.9704 -28
70300 -28.2549 -28
70400 -28.3101 -28
70500 -28.2676 -28
70600 -28.3045 -28
70700 -28.2194 -28
70800 -28.3584 -28
70900 -28.7221 -28
71000 -29.1211 -28
71100 -29.0925 -28
71200 -28.9549 -28
71300 -28.9221 -28
71400 -28.8452 -28
71500 -28.8656 -28
71600 -28.7136 -28
71700 -28.4681 -28
71800 -27.9499 -28
71900 -27.255 -28
72000 -26.6154 -28
72100 -26.0627 -28
72200 -25.8334 -28
72300 -26.042 -28
72400 -26.6592 -28
72500 -27.4681 -28
72600 -28.1839 -28
72700 -28.7618 -28
72800 -29.1173 -28
72900 -29.231 -28
73000 -29.101 -28
73100 -28.7263 -28
73200 -28.4066 -28
73300 -27.9769 -28
73400 -27.61 -28
73500 -27.4584 -28
73600 -27.6893 -28
73700 -28.0246 -28
73800 -28.4035 -28
73900 -28.8675 -28
74000 -28.9368 -28
74100 -28.7877 -28
74200 -28.5049 -28
74300 -28.2032 -28
74400 -27.8706 -28
74500 -27.8731 -28
74600 -27.9307 -28
74700 -27.9166 -28
74800 -28.0722 -28
74900 -28.3333 -28
75000 -28.7008 -28
75100 -28.8162 -28
75200 -28.6047 -28
75300 -28.1503 -28
75400 -27.7419 -28
75500 -27.6124 -28
75600 -27.7003 -28
75700 -27.8173 -28
75800 -27.7127 -28
75900 -27.5695 -28
76000 -27.6317 -28
76100 -27.8181 -28
76200 -27.8409 -28
76300 -27.8863 -28
76400 -27.8648 -28
76500 -27.9101 -28
76600 -27.8556 -28
76700 -27.4926 -28
76800 -27.5693 -28
76900 -27.7607 -28
77000 -27.7353 -28
77100 -27.4126 -28
77200 -27.0499 -28
77300 -27.0219 -28
77400 -27.1266 -28
77500 -27.1196 -28
77600 -26.9896 -28
77700 -26.9455 -28
77800 -27.175 -28
77900 -27.6311 -28
78000 -28.1027 -28
78100 -28.4831 -28
78200 -28.8138 -28
78300 -28.8776 -28
78400 -28.779 -28
78500 -28.4412 -28
78600 -28.0593 -28
78700 -27.8009 -28
78800 -27.5906 -28
78900 -27.5838 -28
79000 -27.7311 -28
79100 -27.9398 -28
79200 -28.1718 -28
79300 -28.3037 -28
79400 -28.1191 -28
79500 -27.8417 -28
79600 -27.6401 -28
79700 -27.5914 -28
79800 -27.7581 -28
79900 -27.8062 -28
80000 -27.9239 -28
80100 -28.0694 -28
80200 -28.3129 -28
80300 -28.5709 -28
80400 -28.6303 -28
80500 -28.8312 -28
80600 -28.7547 -28
80700 -28.4205 -28
80800 -28.1469 -28
80900 -27.7961 -28
81000 -27.3639 -28
81100 -27.1829 -28
81200 -27.1368 -28
81300 -27.1348 -28
81400 -27.279 -28
81500 -27.4804 -28
81600 -27.7153 -28
81700 -28.0457 -28
81800 -28.3905 -28
81900 -28.537 -28
82000 -28.3755 -28
82100 -28.2033 -28
82200 -28.0897 -28
82300 -27.9212 -28
82400 -28.1409 -28
82500 -28.6576 -28
82600 -29.0135 -28
82700 -29.1336 -28
82800 -29.0639 -28
82900 -29.0313 -28
83000 -28.8709 -28
83100 -28.7071 -28
83200 -28.1465 -28
83300 -27.5126 -28
83400 -26.6567 -28
83500 -25.9542 -28
83600 -25.806 -28
83700 -26.1924 -28
83800 -26.7329 -28
83900 -27.2749 -28
84000 -27.6899 -28
84100 -27.9105 -28
84200 -28.2662 -28
84300 -28.3568 -28
84400 -28.1841 -28
84500 -28.0549 -28
84600 -27.9324 -28
84700 -27.9991 -28
84800 -28.2015 -28
84900 -28.4463 -28
85000 -28.5709 -28
85100 -28.4766 -28
85200 -28.4474 -28
85300 -28.3878 -28
85400 -28.1856 -28
85500 -27.8685 -28
85600 -27.4006 -28
85700 -27.0739 -28
85800 -27.1561 -28
85900 -27.4614 -28
86000 -27.9472 -28
86100 -28.3988 -28
86200 -28.6816 -28
86300 -28.9014 -28
86400 -28.8623 -28
86500 -28.6436 -28
86600 -28.4933 -28
86700 -28.2489 -28
86800 -27.864 -28
86900 -27.6002 -28
87000 -27.5042 -28
87100 -27.3254 -28
87200 -27.2647 -28
87300 -27.1008 -28
87400 -27.1073 -28
87500 -27.6583 -28
87600 -28.3821 -28
87700 -28.8026 -28
87800 -28.8649 -28
87900 -28.7864 -28
88000 -28.724 -28
88100 -28.7955 -28
88200 -28.8391 -28
88300 -28.678 -28
88400 -27.9176 -28
88500 -27.1101 -28
88600 -26.5487 -28
88700 -26.4386 -28
88800 -26.5818 -28
88900 -26.5947 -28
89000 -26.7788 -28
89100 -26.6952 -28
89200 -26.6078 -28
89300 -26.655 -28
89400 -26.9455 -28
89500 -27.4441 -28
89600 -28.0401 -28
89700 -28.1201 -28
89800 -28.1763 -28
89900 -28.3062 -28
90000 -28.2876 -28
90100 -28.0708 -28
90200 -27.8969 -28
90300 -27.9815 -28
90400 -27.9762 -28
90500 -27.9708 -28
90600 -27.7104 -28
90700 -27.2769 -28
90800 -27.1657 -28
90900 -27.0992 -28
91000 -27.1848 -28
91100 -27.0563 -28
91200 -26.7149 -28
91300 -26.5533 -28
91400 -26.8912 -28
91500 -27.6416 -28
91600 -28.2482 -28
91700 -28.5128 -28
91800 -28.6218 -28
91900 -28.8028 -28
92000 -28.9425 -28
92100 -28.9216 -28
92200 -28.7122 -28
92300 -28.3933 -28
92400 -28.2579 -28
92500 -27.94 -28
92600 -27.7185 -28
92700 -27.8856 -28
92800 -28.0005 -28
92900 -28.2129 -28
93000 -28.4265 -28
93100 -28.7715 -28
93200 -28.974 -28
93300 -28.9496 -28
93400 -28.64 -28
93500 -28.301 -28
93600 -28.0205 -28
93700 -27.6627 -28
93800 -27.4168 -28
93900 -27.3949 -28
94000 -27.4559 -28
94100 -27.5022 -28
94200 -27.6515 -28
94300 -27.9826 -28
94400 -28.1625 -28
94500 -28.4869 -28
94600 -28.783 -28
94700 -28.6234 -28
94800 -28.4845 -28
94900 -28.4465 -28
95000 -28.1442 -28
95100 -28.0426 -28
95200 -27.9084 -28
95300 -27.8371 -28
95400 -27.7423 -28
95500 -27.4945 -28
95600 -27.5211 -28
95700 -27.7202 -28
95800 -27.8586 -28
95900 -27.9301 -28
96000 -27.9518 -28
96100 -28.0409 -28
96200 -28.2405 -28
96300 -28.27 -28
96400 -28.3475 -28
96500 -28.2337 -28
96600 -28.0008 -28
96700 -27.9597 -28
96800 -27.9184 -28
96900 -27.9215 -28
97000 -27.8569 -28
97100 -27.8026 -28
97200 -27.8707 -28
97300 -28.0749 -28
97400 -28.3632 -28
97500 -28.5449 -28
97600 -28.7309 -28
97700 -28.8353 -28
97800 -28.8703 -28
97900 -28.6473 -28
98000 -28.6362 -28
98100 -28.5908 -28
98200 -28.4611 -28
98300 -28.182 -28
98400 -27.9414 -28
98500 -27.9091 -28
98600 -27.8429 -28
98700 -27.5853 -28
98800 -27.5354 -28
98900 -27.4676 -28
99000 -27.3914 -28
99100 -27.3318 -28
99200 -27.2911 -28
99300 -27.4588 -28
99400 -27.8117 -28
99500 -28.053 -28
99600 -28.0316 -28
99700 -27.8406 -28
99800 -27.6596 -28
99900 -27.6064 -28
100000 -27.831 -28
100100 -28.0944 -28
100200 -28.3603 -28
100300 -28.273 -28
100400 -28.0839 -28
100500 -28.0672 -28
100600 -28.1268 -28
100700 -28.4014 -28
100800 -28.481 -28
100900 -28.5045 -28
101000 -28.4363 -28
101100 -28.2044 -28
101200 -28.403 -28
101300 -28.5715 -28
101400 -28.7054 -28
101500 -28.8729 -28
101600 -29.0406 -28
101700 -29.1535 -28
101800 -28.8845 -28
101900 -28.3278 -28
102000 -28.0857 -28
102100 -27.9929 -28
102200 -27.8465 -28
102300 -27.4604 -28
102400 -27.4038 -28
102500 -27.4761 -28
102600 -27.6805 -28
102700 -27.8324 -28
102800 -28.0562 -28
102900 -28.4029 -28
103000 -28.6859 -28
103100 -28.9701 -28
103200 -29.1886 -28
103300 -29.0378 -28
103400 -28.7893 -28
103500 -28.7056 -28
103600 -28.7086 -28
103700 -28.7962 -28
103800 -29.0232 -28
103900 -29.3354 -28
104000 -29.4928 -28
104100 -29.3394 -28
104200 -28.9436 -28
104300 -28.5761 -28
104400 -28.207 -28
104500 -27.8685 -28
104600 -27.8163 -28
104700 -28.0647 -28
104800 -28.4849 -28
104900 -28.7276 -28
105000 -28.7664 -28
105100 -28.4923 -28
105200 -28.1817 -28
105300 -28.0041 -28
105400 -27.8969 -28
105500 -27.9032 -28
105600 -27.8865 -28
105700 -27.6263 -28
105800 -27.6404 -28
105900 -27.8311 -28
106000 -27.8415 -28
106100 -27.4893 -28
106200 -27.2425 -28
106300 -27.5213 -28
106400 -27.9653 -28
106500 -28.2762 -28
106600 -28.5864 -28
106700 -28.7193 -28
106800 -28.7068 -28
106900 -28.619 -28
107000 -28.5693 -28
107100 -28.5412 -28
107200 -28.1121 -28
107300 -27.5659 -28
107400 -27.2381 -28
107500 -27.2476 -28
107600 -27.5203 -28
107700 -27.7827 -28
107800 -28.0059 -28
107900 -28.1304 -28
108000 -28.1048 -28
108100 -28.3366 -28
108200 -28.5017 -28
108300 -28.6274 -28
108400 -28.4875 -28
108500 -28.328 -28
108600 -28.3424 -28
108700 -28.4443 -28
108800 -28.4301 -28
108900 -28.4217 -28
109000 -28.1759 -28
109100 -27.604 -28
109200 -27.2603 -28
109300 -27.2991 -28
109400 -27.5414 -28
109500 -27.3971 -28
109600 -27.2661 -28
109700 -27.0357 -28
109800 -27.0449 -28
109900 -27.3553 -28
110000 -27.7089 -28
110100 -28.1499 -28
110200 -28.3923 -28
110300 -28.3171 -28
110400 -28.0995 -28
110500 -28.0837 -28
110600 -28.1647 -28
110700 -28.2314 -28
110800 -28.2141 -28
110900 -28.4202 -28
111000 -28.1837 -28
111100 -28.0094 -28
111200 -27.7629 -28
111300 -27.7044 -28
111400 -27.9538 -28
111500 -28.1647 -28
111600 -28.1974 -28
111700 -28.4659 -28
111800 -28.5564 -28
111900 -28.2842 -28
112000 -27.978 -28
112100 -27.6136 -28
112200 -27.3619 -28
112300 -27.0795 -28
112400 -27.1852 -28
112500 -27.6052 -28
112600 -27.9635 -28
112700 -28.4363 -28
112800 -28.6832 -28
112900 -28.4504 -28
113000 -28.0211 -28
113100 -27.5396 -28
113200 -27.3025 -28
113300 -27.0238 -28
113400 -26.8941 -28
113500 -27.2752 -28
113600 -28.047 -28
113700 -28.7095 -28
113800 -29.0836 -28
113900 -29.1239 -28
114000 -28.8818 -28
114100 -28.6498 -28
114200 -28.3985 -28
114300 -28.2568 -28
114400 -27.9412 -28
114500 -27.4615 -28
114600 -27.1789 -28
114700 -27.2974 -28
114800 -27.4262 -28
114900 -27.3585 -28
115000 -27.5382 -28
115100 -27.8107 -28
115200 -27.9028 -28
115300 -27.9583 -28
115400 -28.1325 -28
115500 -28.2517 -28
115600 -28.2942 -28
115700 -28.3723 -28
115800 -28.3322 -28
115900 -28.1587 -28
116000 -27.6694 -28
116100 -27.2307 -28
116200 -27.1696 -28
116300 -27.1914 -28
116400 -27.3187 -28
116500 -27.6868 -28
116600 -27.9617 -28
116700 -28.1253 -28
116800 -28.1086 -28
116900 -28.2266 -28
117000 -28.537 -28
117100 -28.8648 -28
117200 -28.8442 -28
117300 -28.576 -28
117400 -28.1995 -28
117500 -27.9579 -28
117600 -27.9836 -28
117700 -28.0459 -28
117800 -27.9521 -28
117900 -27.9011 -28
118000 -28.1314 -28
118100 -28.3338 -28
118200 -28.3114 -28
118300 -28.205 -28
118400 -27.9889 -28
118500 -28.0534 -28
118600 -28.1482 -28
118700 -28.0444 -28
118800 -28.1011 -28
118900 -28.2168 -28
119000 -28.3609 -28
119100 -28.4114 -28
119200 -28.3215 -28
119300 -28.0768 -28
119400 -27.8964 -28
119500 -27.9509 -28
119600 -28.0375 -28
119700 -27.8719 -28
119800 -27.5547 -28
119900 -27.347 -28
120000 -27.3543 -28
120100 -27.5043 -28
120200 -27.6827 -28
120300 -27.7919 -28
120400 -28.0851 -28
120500 -28.2877 -28
120600 -28.3423 -28
120700 -28.2537 -28
120800 -28.0005 -28
120900 -27.7294 -28
121000 -27.5502 -28
121100 -27.6421 -28
121200 -27.7049 -28
121300 -27.7639 -28
121400 -27.848 -28
121500 -27.5453 -28
121600 -27.1856 -28
121700 -27.2217 -28
121800 -27.4073 -28
121900 -27.4218 -28
122000 -27.4329 -28
122100 -27.5573 -28
122200 -27.4913 -28
122300 -27.3078 -28
122400 -27.127 -28
122500 -27.1264 -28
122600 -27.1687 -28
122700 -27.1115 -28
122800 -27.2711 -28
122900 -27.8006 -28
123000 -28.0691 -28
123100 -28.3048 -28
123200 -28.4132 -28
123300 -28.0657 -28
123400 -27.9476 -28
123500 -27.8426 -28
123600 -27.8717 -28
123700 -28.1074 -28
123800 -28.3027 -28
123900 -28.316 -28
124000 -28.2588 -28
124100 -28.1458 -28
124200 -28.2133 -28
124300 -28.2953 -28
124400 -28.1766 -28
124500 -27.9518 -28
124600 -27.9877 -28
124700 -28.0675 -28
124800 -28.3467 -28
124900 -28.4866 -28
125000 -28.1876 -28
125100 -27.7218 -28
125200 -27.4127 -28
125300 -27.2035 -28
125400 -27.0028 -28
125500 -27.0376 -28
125600 -27.0203 -28
125700 -26.9128 -28
125800 -26.7289 -28
125900 -26.6162 -28
126000 -26.6063 -28
126100 -26.569 -28
126200 -26.7653 -28
126300 -27.1671 -28
126400 -27.5812 -28
126500 -27.766 -28
126600 -27.8653 -28
126700 -27.8055 -28
126800 -27.802 -28
126900 -27.8194 -28
127000 -27.829 -28
127100 -27.9568 -28
127200 -27.893 -28
127300 -27.5759 -28
127400 -27.2674 -28
127500 -27.1707 -28
127600 -27.19 -28
127700 -27.4599 -28
127800 -27.9245 -28
127900 -28.2393 -28
128000 -28.5014 -28
128100 -29.0048 -28
128200 -29.3439 -28
128300 -29.3902 -28
128400 -29.3385 -28
128500 -29.2769 -28
128600 -29.1078 -28
128700 -28.8375 -28
128800 -28.2914 -28
128900 -27.7457 -28
129000 -27.5887 -28
129100 -27.767 -28
129200 -27.8914 -28
129300 -28.0331 -28
129400 -28.0901 -28
129500 -27.8951 -28
129600 -27.7758 -28
129700 -27.5469 -28
129800 -27.4512 -28
129900 -27.4795 -28
130000 -27.3697 -28
130100 -27.2876 -28
130200 -27.0908 -28
130300 -26.8655 -28
130400 -26.8112 -28
130500 -27.0041 -28
130600 -27.0644 -28
130700 -27.2069 -28
130800 -27.9171 -28
130900 -28.5916 -28
131000 -28.9974 -28
131100 -29.027 -28
131200 -28.8798 -28
131300 -28.617 -28
131400 -28.4299 -28
131500 -28.0912 -28
131600 -27.5887 -28
131700 -27.3018 -28
131800 -27.1727 -28
131900 -27.2488 -28
132000 -27.5551 -28
132100 -28.2303 -28
132200 -28.5073 -28
132300 -28.0783 -28
132400 -27.6929 -28
132500 -27.5649 -28
132600 -27.2563 -28
132700 -26.9943 -28
132800 -27.249 -28
132900 -27.5607 -28
133000 -27.8873 -28
133100 -28.1314 -28
133200 -28.1206 -28
133300 -28.0094 -28
133400 -27.8338 -28
133500 -27.7852 -28
133600 -27.718 -28
133700 -27.6204 -28
133800 -27.9821 -28
133900 -28.372 -28
134000 -28.6104 -28
134100 -28.9861 -28
134200 -29.0569 -28
134300 -29.0087 -28
134400 -28.7718 -28
134500 -28.4977 -28
134600 -28.2407 -28
134700 -27.6907 -28
134800 -27.1859 -28
134900 -27.1582 -28
135000 -27.3929 -28
135100 -27.6135 -28
135200 -27.8084 -28
135300 -28.1527 -28
135400 -28.2747 -28
135500 -28.1968 -28
135600 -28.2285 -28
135700 -28.1786 -28
135800 -27.9596 -28
135900 -27.7209 -28
136000 -27.7213 -28
136100 -27.6535 -28
136200 -27.708 -28
136300 -28.1049 -28
136400 -28.3297 -28
136500 -28.3337 -28
136600 -28.2052 -28
136700 -28.0554 -28
136800 -28.1728 -28
136900 -28.6076 -28
137000 -28.9029 -28
137100 -29.0135 -28
137200 -29.0157 -28
137300 -28.5168 -28
137400 -27.9613 -28
137500 -27.3839 -28
137600 -27.1523 -28
137700 -27.1804 -28
137800 -27.426 -28
137900 -27.5541 -28
138000 -27.7359 -28
138100 -27.8414 -28
138200 -27.9825 -28
138300 -27.9229 -28
138400 -27.8647 -28
138500 -27.6812 -28
138600 -27.6774 -28
138700 -27.9496 -28
138800 -28.2502 -28
138900 -28.2282 -28
139000 -27.9186 -28
139100 -27.4016 -28
139200 -27.22 -28
139300 -27.5327 -28
139400 -28.006 -28
139500 -28.4494 -28
139600 -28.5569 -28
139700 -28.4574 -28
139800 -28.2556 -28
139900 -27.8751 -28
140000 -27.4876 -28
140100 -27.4043 -28
140200 -27.7787 -28
140300 -28.1206 -28
140400 -28.2732 -28
140500 -28.3318 -28
140600 -28.4774 -28
140700 -28.9606 -28
140800 -29.5775 -28
140900 -29.7423 -28
141000 -29.6244 -28
141100 -29.2208 -28
141200 -28.7866 -28
141300 -28.5016 -28
141400 -28.246 -28
141500 -27.9686 -28
141600 -27.9101 -28
141700 -27.8472 -28
141800 -27.9122 -28
141900 -27.8712 -28
142000 -27.963 -28
142100 -27.9972 -28
142200 -28.323 -28
142300 -28.4542 -28
142400 -28.2937 -28
142500 -28.0107 -28
142600 -27.8772 -28
142700 -27.9325 -28
142800 -27.9986 -28
142900 -27.4343 -28
143000 -27.027 -28
143100 -27.0048 -28
143200 -27.0586 -28
143300 -27.3412 -28
143400 -27.6694 -28
143500 -28.1015 -28
143600 -28.3828 -28
143700 -28.5363 -28
143800 -28.4155 -28
143900 -28.0011 -28
144000 -27.6825 -28
144100 -27.5882 -28
144200 -27.4451 -28
144300 -27.5446 -28
144400 -27.8886 -28
144500 -28.0347 -28
144600 -27.8971 -28
144700 -27.7365 -28
144800 -27.6961 -28
144900 -27.3956 -28
145000 -27.2069 -28
145100 -27.1946 -28
145200 -27.076 -28
145300 -27.1663 -28
145400 -27.5639 -28
145500 -27.9745 -28
145600 -28.3969 -28
145700 -28.5028 -28
145800 -28.2477 -28
145900 -27.8234 -28
146000 -27.7834 -28
146100 -27.6686 -28
146200 -27.2214 -28
146300 -26.8799 -28
146400 -26.9246 -28
146500 -27.0914 -28
146600 -27.4039 -28
146700 -27.5443 -28
146800 -27.8661 -28
146900 -28.2665 -28
147000 -28.4273 -28
147100 -28.4736 -28
147200 -28.4182 -28
147300 -28.2349 -28
147400 -28.0025 -28
147500 -27.7045 -28
147600 -27.5179 -28
147700 -27.4938 -28
147800 -27.3168 -28
147900 -27.3485 -28
148000 -27.4024 -28
148100 -27.5087 -28
148200 -27.5247 -28
148300 -27.4643 -28
148400 -27.3303 -28
148500 -27.5175 -28
148600 -28.0544 -28
148700 -28.4314 -28
148800 -28.3453 -28
148900 -28.1536 -28
149000 -28.2033 -28
149100 -28.1917 -28
149200 -27.7981 -28
149300 -27.4089 -28
149400 -27.284 -28
149500 -27.4041 -28
149600 -27.454 -28
149700 -27.6946 -28
149800 -27.8553 -28
149900 -28.0066 -28
150000 -28.2423 -28
150100 -28.5313 -28
150200 -28.6394 -28
150300 -28.5481 -28
150400 -28.4657 -28
150500 -28.2534 -28
150600 -27.8242 -28
150700 -27.6519 -28
150800 -27.764 -28
150900 -27.778 -28
151000 -27.9865 -28
151100 -28.0087 -28
151200 -27.9703 -28
151300 -28.1018 -28
151400 -27.6321 -28
151500 -27.2223 -28
151600 -27.1688 -28
151700 -27.4141 -28
151800 -27.7685 -28
151900 -28.3395 -28
152000 -28.7786 -28
152100 -28.7557 -28
152200 -28.5542 -28
152300 -28.7378 -28
152400 -28.8371 -28
152500 -28.745 -28
152600 -28.4881 -28
152700 -28.175 -28
152800 -27.82 -28
152900 -27.4883 -28
153000 -27.4805 -28
153100 -27.6171 -28
153200 -27.6999 -28
153300 -27.6559 -28
153400 -27.4581 -28
153500 -27.2038 -28
153600 -27.0835 -28
153700 -26.9675 -28
153800 -27.0703 -28
153900 -27.3593 -28
154000 -27.4836 -28
154100 -27.7882 -28
154200 -27.8171 -28
154300 -27.7855 -28
154400 -27.8698 -28
154500 -27.5935 -28
154600 -27.3495 -28
154700 -27.5574 -28
154800 -27.6334 -28
154900 -27.6294 -28
155000 -27.5717 -28
155100 -27.558 -28
155200 -27.7101 -28
155300 -27.9724 -28
155400 -28.1835 -28
155500 -28.4381 -28
155600 -28.7293 -28
155700 -28.9204 -28
155800 -28.9578 -28
155900 -28.6737 -28
156000 -28.5179 -28
156100 -28.4787 -28
156200 -28.4711 -28
156300 -28.3428 -28
156400 -28.1102 -28
156500 -27.7145 -28
156600 -27.4447 -28
156700 -27.149 -28
156800 -26.9576 -28
156900 -27.1083 -28
157000 -27.436 -28
157100 -27.4612 -28
157200 -27.1222 -28
157300 -26.8773 -28
157400 -26.7228 -28
157500 -26.906 -28
157600 -27.1498 -28
157700 -27.7078 -28
157800 -28.2428 -28
157900 -28.5605 -28
158000 -28.7968 -28
158100 -28.9055 -28
158200 -28.8654 -28
158300 -28.5997 -28
158400 -28.3058 -28
158500 -28.0743 -28
158600 -27.9933 -28
158700 -28.1279 -28
158800 -28.2639 -28
158900 -28.32 -28
159000 -27.9924 -28
159100 -27.3685 -28
159200 -26.914 -28
159300 -26.7251 -28
159400 -26.7444 -28
159500 -27.0182 -28
159600 -27.5638 -28
159700 -27.883 -28
159800 -28.2092 -28
159900 -28.3004 -28
160000 -28.2655 -28
160100 -28.4344 -28
160200 -28.4303 -28
160300 -28.2395 -28
160400 -27.9602 -28
160500 -27.7199 -28
160600 -27.823 -28
160700 -28.0358 -28
160800 -28.2149 -28
160900 -28.4064 -28
161000 -28.3844 -28
161100 -28.1815 -28
161200 -27.8922 -28
161300 -27.5294 -28
161400 -27.1491 -28
161500 -27.1513 -28
161600 -27.2913 -28
161700 -27.6464 -28
161800 -27.8484 -28
161900 -27.7106 -28
162000 -27.4068 -28
162100 -27.2545 -28
162200 -27.381 -28
162300 -27.8409 -28
162400 -28.0419 -28
162500 -28.0343 -28
162600 -28.1718 -28
162700 -28.0189 -28
162800 -27.8777 -28
162900 -27.6175 -28
163000 -27.3684 -28
163100 -27.4569 -28
163200 -27.875 -28
163300 -28.3515 -28
163400 -28.4939 -28
163500 -28.2915 -28
163600 -28.1967 -28
163700 -28.2127 -28
163800 -28.1141 -28
163900 -28.1856 -28
164000 -28.4319 -28
164100 -28.6604 -28
164200 -28.6763 -28
164300 -28.567 -28
164400 -28.4525 -28
164500 -28.5152 -28
164600 -28.6975 -28
164700 -28.6173 -28
164800 -28.401 -28
164900 -28.0775 -28
165000 -27.589 -28
165100 -26.8939 -28
165200 -26.403 -28
165300 -26.4288 -28
165400 -26.8318 -28
165500 -27.3821 -28
165600 -27.961 -28
165700 -28.3862 -28
165800 -28.5463 -28
165900 -28.8572 -28
166000 -28.8498 -28
166100 -28.5564 -28
166200 -28.0461 -28
166300 -27.4637 -28
166400 -27.036 -28
166500 -26.6199 -28
166600 -26.4078 -28
166700 -26.863 -28
166800 -27.6865 -28
166900 -28.2958 -28
167000 -28.7405 -28
167100 -28.9041 -28
167200 -28.7397 -28
167300 -28.4282 -28
167400 -28.0872 -28
167500 -27.5919 -28
167600 -27.397 -28
167700 -27.4198 -28
167800 -27.7014 -28
167900 -27.9136 -28
168000 -28.2462 -28
168100 -28.7876 -28
168200 -29.108 -28
168300 -29.0362 -28
168400 -28.5019 -28
168500 -27.7628 -28
168600 -27.2648 -28
168700 -27.1486 -28
168800 -26.9816 -28
168900 -26.9187 -28
169000 -26.8772 -28
169100 -27.0383 -28
169200 -27.1626 -28
169300 -27.4626 -28
169400 -27.8292 -28
169500 -28.2864 -28
169600 -28.764 -28
169700 -29.1091 -28
169800 -29.1712 -28
169900 -29.1608 -28
170000 -29.1735 -28
170100 -28.9614 -28
170200 -28.5264 -28
170300 -27.9161 -28
170400 -27.454 -28
170500 -27.2348 -28
170600 -27.1729 -28
170700 -27.2299 -28
170800 -27.2131 -28
170900 -27.2445 -28
171000 -27.4035 -28
171100 -27.6445 -28
171200 -27.8132 -28
171300 -27.6828 -28
171400 -27.4656 -28
171500 -27.5132 -28
171600 -27.7565 -28
171700 -28.016 -28
171800 -28.2224 -28
171900 -28.3783 -28
172000 -28.6573 -28
172100 -28.7513 -28
172200 -28.8618 -28
172300 -28.7054 -28
172400 -28.6477 -28
172500 -28.6578 -28
172600 -28.523 -28
172700 -28.4881 -28
172800 -28.3839 -28
172900 -28.2458 -28
173000 -27.8985 -28
173100 -27.5663 -28
173200 -27.4457 -28
173300 -27.7884 -28
173400 -28.1087 -28
173500 -27.9201 -28
173600 -27.496 -28
173700 -27.2631 -28
173800 -27.306 -28
173900 -27.6238 -28
174000 -28.0681 -28
174100 -28.3796 -28
174200 -28.2359 -28
174300 -28.0565 -28
174400 -28.219 -28
174500 -28.4336 -28
174600 -28.7145 -28
174700 -29.0595 -28
174800 -29.1943 -28
174900 -29.2524 -28
175000 -29.2698 -28
175100 -29.0681 -28
175200 -28.7547 -28
175300 -28.442 -28
175400 -28.0168 -28
175500 -27.558 -28
175600 -27.2228 -28
175700 -27.0083 -28
175800 -26.9587 -28
175900 -26.9463 -28
176000 -27.0878 -28
176100 -27.2912 -28
176200 -27.4531 -28
176300 -27.728 -28
176400 -28.0467 -28
176500 -28.4122 -28
176600 -28.756 -28
176700 -28.8112 -28
176800 -28.4384 -28
176900 -28.2619 -28
177000 -28.4217 -28
177100 -28.5168 -28
177200 -28.4721 -28
177300 -28.4864 -28
177400 -28.7408 -28
177500 -28.8886 -28
177600 -29.0253 -28
177700 -29.0463 -28
177800 -29.1162 -28
177900 -29.1255 -28
178000 -29.0145 -28
178100 -28.8797 -28
178200 -28.8859 -28
178300 -29.0225 -28
178400 -29.3568 -28
178500 -29.2958 -28
178600 -29.0002 -28
178700 -28.5045 -28
178800 -28.2257 -28
178900 -28.1545 -28
179000 -28.1073 -28
179100 -28.0492 -28
179200 -27.9249 -28
179300 -27.8514 -28
179400 -27.8139 -28
179500 -27.9665 -28
179600 -28.2246 -28
179700 -28.6316 -28
179800 -28.8939 -28
179900 -28.5927 -28
180000 -28.1674 -28
180100 -27.7945 -28
180200 -27.4792 -28
180300 -27.2984 -28
180400 -27.009 -28
180500 -27.0782 -28
180600 -27.5933 -28
180700 -28.2422 -28
180800 -28.5398 -28
180900 -28.5993 -28
181000 -28.4023 -28
181100 -28.0147 -28
181200 -27.9203 -28
181300 -28.2887 -28
181400 -28.7697 -28
181500 -28.7767 -28
181600 -28.5709 -28
181700 -28.2122 -28
181800 -28.1305 -28
181900 -28.3083 -28
182000 -28.5494 -28
182100 -28.9524 -28
182200 -29.3382 -28
182300 -29.5457 -28
182400 -29.3439 -28
182500 -28.8607 -28
182600 -28.3542 -28
182700 -28.078 -28
182800 -27.9934 -28
182900 -27.7965 -28
183000 -27.5476 -28
183100 -27.4895 -28
183200 -27.5246 -28
183300 -27.7169 -28
183400 -27.7869 -28
183500 -27.6995 -28
183600 -27.5414 -28
183700 -27.2953 -28
183800 -27.3452 -28
183900 -27.5814 -28
184000 -28.0269 -28
184100 -28.2615 -28
184200 -28.3851 -28
184300 -28.6404 -28
184400 -28.81 -28
184500 -28.6512 -28
184600 -28.4833 -28
184700 -28.3656 -28
184800 -28.2495 -28
184900 -28.0072 -28
185000 -27.8154 -28
185100 -27.8529 -28
185200 -28.1893 -28
185300 -28.6861 -28
185400 -28.9633 -28
185500 -28.6854 -28
185600 -27.9814 -28
185700 -27.4963 -28
185800 -26.984 -28
185900 -26.5283 -28
186000 -26.5965 -28
186100 -26.6535 -28
186200 -26.6425 -28
186300 -26.8097 -28
186400 -27.3087 -28
186500 -27.5379 -28
186600 -27.2322 -28
186700 -26.8617 -28
186800 -26.7388 -28
186900 -26.9368 -28
187000 -27.4318 -28
187100 -27.8443 -28
187200 -28.2854 -28
187300 -28.6406 -28
187400 -28.7012 -28
187500 -28.6214 -28
187600 -28.6276 -28
187700 -28.5681 -28
187800 -28.5837 -28
187900 -28.6635 -28
188000 -28.4784 -28
188100 -28.1766 -28
188200 -28.3352 -28
188300 -28.1949 -28
188400 -27.8246 -28
188500 -27.6051 -28
188600 -27.5652 -28
188700 -27.4157 -28
188800 -27.2094 -28
188900 -27.2895 -28
189000 -27.5533 -28
189100 -27.5166 -28
189200 -27.3775 -28
189300 -27.0129 -28
189400 -26.9005 -28
189500 -26.8693 -28
189600 -26.986 -28
189700 -27.0793 -28
189800 -26.9479 -28
189900 -26.6218 -28
190000 -26.6101 -28
190100 -26.8613 -28
190200 -27.1968 -28
190300 -27.733 -28
190400 -28.3476 -28
190500 -28.8143 -28
190600 -28.988 -28
190700 -28.8781 -28
190800 -28.6748 -28
190900 -28.7224 -28
191000 -28.8836 -28
191100 -28.901 -28
191200 -28.5024 -28
191300 -28.028 -28
191400 -27.4846 -28
191500 -27.4338 -28
191600 -27.7971 -28
191700 -28.0222 -28
191800 -27.8451 -28
191900 -27.6761 -28
192000 -27.6684 -28
192100 -27.6704 -28
192200 -27.8158 -28
192300 -28.0788 -28
192400 -28.4707 -28
192500 -28.7282 -28
192600 -28.6562 -28
192700 -28.545 -28
192800 -28.4537 -28
192900 -28.3692 -28
193000 -28.0253 -28
193100 -27.7458 -28
193200 -27.4952 -28
193300 -27.4861 -28
193400 -27.8131 -28
193500 -28.0774 -28
193600 -28.1981 -28
193700 -28.077 -28
193800 -27.998 -28
193900 -27.9525 -28
194000 -27.9432 -28
194100 -27.9946 -28
194200 -28.0523 -28
194300 -28.107 -28
194400 -27.9748 -28
194500 -27.4462 -28
194600 -27.2084 -28
194700 -27.3534 -28
194800 -27.8426 -28
194900 -28.2056 -28
195000 -28.1541 -28
195100 -27.8582 -28
195200 -27.7833 -28
195300 -27.8165 -28
195400 -27.7989 -28
195500 -27.7831 -28
195600 -27.735 -28
195700 -27.345 -28
195800 -26.9386 -28
195900 -27.021 -28
196000 -27.4025 -28
196100 -27.5002 -28
196200 -27.5925 -28
196300 -27.6223 -28
196400 -27.4454 -28
196500 -27.1492 -28
196600 -27.2534 -28
196700 -27.5838 -28
196800 -27.566 -28
196900 -27.7072 -28
197000 -28.0311 -28
197100 -28.3978 -28
197200 -28.7861 -28
197300 -29.1032 -28
197400 -29.2376 -28
197500 -29.2232 -28
197600 -29.4225 -28
197700 -29.4446 -28
197800 -29.2982 -28
197900 -29.2604 -28
198000 -28.9176 -28
198100 -28.6968 -28
198200 -28.7563 -28
198300 -28.5333 -28
198400 -28.1953 -28
198500 -28.0343 -28
198600 -28.0619 -28
198700 -28.0747 -28
198800 -28.078 -28
198900 -28.0337 -28
199000 -27.9162 -28
199100 -27.9313 -28
199200 -27.9634 -28
199300 -28.1548 -28
199400 -28.2969 -28
199500 -28.3896 -28
199600 -28.3179 -28
199700 -28.2168 -28
199800 -28.3276 -28
199900 -28.726 -28
200000 -29.1718 -28
200100 -29.2366 -28
200200 -28.8343 -28
200300 -28.1629 -28
200400 -27.4903 -28
200500 -26.7723 -28
200600 -26.5155 -28
200700 -26.474 -28
200800 -26.3908 -28
200900 -26.3958 -28
201000 -26.6915 -28
201100 -26.9346 -28
201200 -27.3274 -28
201300 -27.7785 -28
201400 -28.0571 -28
201500 -28.1911 -28
201600 -28.1064 -28
201700 -27.9251 -28
201800 -27.8885 -28
201900 -27.5381 -28
202000 -27.2063 -28
202100 -27.0627 -28
202200 -27.1432 -28
202300 -27.2306 -28
202400 -27.3099 -28
202500 -27.219 -28
202600 -27.5163 -28
202700 -27.8871 -28
202800 -28.3311 -28
202900 -28.6988 -28
203000 -28.668 -28
203100 -28.4239 -28
203200 -28.289 -28
203300 -28.1855 -28
203400 -27.9248 -28
203500 -27.6671 -28
203600 -27.6211 -28
203700 -27.8895 -28
203800 -28.1008 -28
203900 -27.9932 -28
204000 -27.8179 -28
204100 -27.6136 -28
204200 -27.6213 -28
204300 -27.8194 -28
204400 -28.0981 -28
204500 -28.2073 -28
204600 -28.4035 -28
204700 -28.5837 -28
204800 -28.5665 -28
204900 -28.2209 -28
205000 -27.6004 -28
205100 -27.2217 -28
205200 -27.2702 -28
205300 -27.5431 -28
205400 -27.9399 -28
205500 -28.0832 -28
205600 -28.1294 -28
205700 -28.1012 -28
205800 -28.0034 -28
205900 -27.8243 -28
206000 -27.4863 -28
206100 -27.2002 -28
206200 -27.0361 -28
206300 -26.9464 -28
206400 -27.0642 -28
206500 -27.4321 -28
206600 -27.9783 -28
206700 -28.6698 -28
206800 -29.1433 -28
206900 -29.12 -28
207000 -28.5992 -28
207100 -28.276 -28
207200 -28.0577 -28
207300 -28.1892 -28
207400 -28.4576 -28
207500 -28.3841 -28
207600 -28.1555 -28
207700 -27.927 -28
207800 -27.6651 -28
207900 -27.4561 -28
208000 -27.246 -28
208100 -26.9364 -28
208200 -26.8913 -28
208300 -26.9718 -28
208400 -27.2839 -28
208500 -27.402 -28
208600 -27.3013 -28
208700 -27.4964 -28
208800 -27.5534 -28
208900 -27.8474 -28
209000 -28.3479 -28
209100 -28.626 -28
209200 -28.7388 -28
209300 -28.7243 -28
209400 -28.6216 -28
209500 -28.3252 -28
209600 -27.9675 -28
209700 -27.5125 -28
209800 -27.2413 -28
209900 -26.9825 -28
210000 -26.6937 -28
210100 -26.8877 -28
210200 -27.4134 -28
210300 -27.8109 -28
210400 -28.0163 -28
210500 -28.3816 -28
210600 -28.6814 -28
210700 -28.7061 -28
210800 -28.4928 -28
210900 -28.2674 -28
211000 -28.0993 -28
211100 -27.8496 -28
211200 -27.7031 -28
211300 -27.8597 -28
211400 -27.8597 -28
211500 -27.8935 -28
211600 -28.1206 -28
211700 -28.2373 -28
211800 -28.3477 -28
211900 -28.3825 -28
212000 -28.546 -28
212100 -28.8079 -28
212200 -29.0058 -28
212300 -28.8614 -28
212400 -28.6637 -28
212500 -28.2344 -28
212600 -27.4961 -28
212700 -26.7705 -28
212800 -26.0197 -28
212900 -25.6758 -28
213000 -26.1899 -28
213100 -27.241 -28
213200 -28.197 -28
213300 -28.8896 -28
213400 -29.3115 -28
213500 -29.3084 -28
213600 -28.971 -28
213700 -28.6951 -28
213800 -28.5423 -28
213900 -28.2813 -28
214000 -27.9509 -28
214100 -27.9866 -28
214200 -28.4262 -28
214300 -28.9358 -28
214400 -29.2192 -28
214500 -28.9997 -28
214600 -28.6127 -28
214700 -28.3997 -28
214800 -28.0415 -28
214900 -27.6628 -28
215000 -27.3391 -28
215100 -27.091 -28
215200 -27.0045 -28
215300 -26.9843 -28
215400 -27.2152 -28
215500 -27.6095 -28
215600 -28.0881 -28
215700 -28.3148 -28
215800 -28.3952 -28
215900 -28.459 -28
216000 -28.3454 -28
216100 -28.1709 -28
216200 -27.9216 -28
216300 -27.8825 -28
216400 -28.0956 -28
216500 -28.4078 -28
216600 -28.941 -28
216700 -29.3406 -28
216800 -29.5298 -28
216900 -29.3581 -28
217000 -29.0783 -28
217100 -28.632 -28
217200 -28.1729 -28
217300 -27.6789 -28
217400 -27.3378 -28
217500 -27.2163 -28
217600 -27.2697 -28
217700 -27.4433 -28
217800 -27.9638 -28
217900 -28.4109 -28
218000 -28.8127 -28
218100 -28.9273 -28
218200 -28.7509 -28
218300 -28.4862 -28
218400 -28.0117 -28
218500 -27.7249 -28
218600 -27.6372 -28
218700 -27.6804 -28
218800 -27.784 -28
218900 -28.2763 -28
219000 -28.9146 -28
219100 -29.1582 -28
219200 -29.0393 -28
219300 -28.7448 -28
219400 -28.4039 -28
219500 -28.1352 -28
219600 -27.918 -28
219700 -27.8517 -28
219800 -27.796 -28
219900 -27.5401 -28
220000 -27.4068 -28
220100 -27.6598 -28
220200 -27.9567 -28
220300 -28.1137 -28
220400 -28.2157 -28
220500 -28.1776 -28
220600 -28.0258 -28
220700 -27.783 -28
220800 -27.6226 -28
220900 -27.3892 -28
221000 -27.1793 -28
221100 -27.2341 -28
221200 -27.4265 -28
221300 -27.6181 -28
221400 -27.9015 -28
221500 -28 -28
221600 -27.9382 -28
221700 -27.8122 -28
221800 -27.7358 -28
221900 -27.7052 -28
222000 -27.4694 -28
222100 -27.2212 -28
222200 -26.9183 -28
222300 -26.7554 -28
222400 -26.9187 -28
222500 -27.0722 -28
222600 -27.314 -28
222700 -27.5642 -28
222800 -27.8648 -28
222900 -28.0551 -28
223000 -27.7972 -28
223100 -27.4462 -28
223200 -27.202 -28
223300 -26.9379 -28
223400 -26.7512 -28
223500 -26.7846 -28
223600 -26.8987 -28
223700 -26.9836 -28
223800 -27.1491 -28
223900 -27.4424 -28
224000 -27.741 -28
224100 -27.9677 -28
224200 -28.0595 -28
224300 -28.1774 -28
224400 -28.027 -28
224500 -27.769 -28
224600 -27.7391 -28
224700 -27.8736 -28
224800 -28.054 -28
224900 -28.2455 -28
225000 -28.4644 -28
225100 -28.5756 -28
225200 -28.5071 -28
225300 -28.4321 -28
225400 -28.4728 -28
225500 -28.3992 -28
225600 -28.2072 -28
225700 -28.0241 -28
225800 -27.8578 -28
225900 -27.8739 -28
226000 -27.6876 -28
226100 -27.5547 -28
226200 -27.3578 -28
226300 -27.3381 -28
226400 -27.259 -28
226500 -27.1671 -28
226600 -27.3048 -28
226700 -27.3951 -28
226800 -27.5419 -28
226900 -27.6504 -28
227000 -27.7189 -28
227100 -27.8668 -28
227200 -27.9158 -28
227300 -27.8158 -28
227400 -27.7377 -28
227500 -27.8799 -28
227600 -28.1477 -28
227700 -28.4114 -28
227800 -28.4872 -28
227900 -28.4123 -28
228000 -28.5658 -28
228100 -28.8864 -28
228200 -29.1104 -28
228300 -29.4306 -28
228400 -29.107 -28
228500 -28.5254 -28
228600 -28.0224 -28
228700 -27.9867 -28
228800 -28.1355 -28
228900 -28.0811 -28
229000 -27.8112 -28
229100 -27.9505 -28
229200 -28.1651 -28
229300 -28.2871 -28
229400 -28.2738 -28
229500 -28.2366 -28
229600 -27.8994 -28
229700 -27.5153 -28
229800 -27.249 -28
229900 -26.9402 -28
230000 -26.7731 -28
230100 -26.845 -28
230200 -27.1791 -28
230300 -27.8433 -28
230400 -28.6207 -28
230500 -28.7836 -28
230600 -28.7102 -28
230700 -28.7373 -28
230800 -28.8575 -28
230900 -29.0964 -28
231000 -28.955 -28
231100 -28.5952 -28
231200 -28.299 -28
231300 -28.475 -28
231400 -28.7778 -28
231500 -28.9831 -28
231600 -29.0187 -28
231700 -28.7075 -28
231800 -28.2049 -28
231900 -27.8223 -28
232000 -27.876 -28
232100 -28.0901 -28
232200 -28.1644 -28
232300 -28.0607 -28
232400 -27.8521 -28
232500 -27.7807 -28
232600 -27.8764 -28
232700 -28.0744 -28
232800 -28.3129 -28
232900 -28.5981 -28
233000 -28.5132 -28
233100 -28.236 -28
233200 -27.8916 -28
233300 -27.7454 -28
233400 -27.5064 -28
233500 -27.5237 -28
233600 -27.7085 -28
233700 -27.7808 -28
233800 -27.4543 -28
233900 -27.3525 -28
234000 -27.7564 -28
234100 -28.4835 -28
234200 -29.3453 -28
234300 -29.7347 -28
234400 -29.6397 -28
234500 -29.5987 -28
234600 -29.687 -28
234700 -29.3456 -28
234800 -28.9706 -28
234900 -28.7978 -28
235000 -28.3906 -28
235100 -27.8457 -28
235200 -27.4299 -28
235300 -27.0436 -28
235400 -26.8708 -28
235500 -27.1259 -28
235600 -27.6279 -28
235700 -28.2293 -28
235800 -28.4452 -28
235900 -28.2959 -28
236000 -28.1306 -28
236100 -28.0392 -28
236200 -28.0097 -28
236300 -28.1764 -28
236400 -28.4268 -28
236500 -28.6121 -28
236600 -28.5885 -28
236700 -28.5695 -28
236800 -28.3223 -28
236900 -28.1054 -28
237000 -27.9382 -28
237100 -27.6138 -28
237200 -26.8665 -28
237300 -26.2214 -28
237400 -26.0579 -28
237500 -26.2368 -28
237600 -26.9119 -28
237700 -27.8112 -28
237800 -28.4688 -28
237900 -28.7515 -28
238000 -28.8807 -28
238100 -28.7518 -28
238200 -28.5401 -28
238300 -28.2642 -28
238400 -27.9462 -28
238500 -27.6817 -28
238600 -27.5365 -28
238700 -27.3324 -28
238800 -27.0264 -28
238900 -26.6768 -28
239000 -26.5654 -28
239100 -26.7991 -28
239200 -27.5494 -28
239300 -28.2282 -28
239400 -28.606 -28
239500 -28.7334 -28
239600 -28.5264 -28
239700 -28.3954 -28
239800 -28.3422 -28
239900 -28.302 -28
240000 -28.4045 -28
240100 -28.2681 -28
240200 -27.8219 -28
240300 -27.6254 -28
240400 -27.7155 -28
240500 -27.7902 -28
240600 -27.563 -28
240700 -27.2772 -28
240800 -27.153 -28
240900 -27.2395 -28
241000 -27.3671 -28
241100 -27.4314 -28
241200 -27.3806 -28
241300 -27.2455 -28
241400 -27.2622 -28
241500 -27.1375 -28
241600 -26.9289 -28
241700 -26.8691 -28
241800 -27.2074 -28
241900 -27.5454 -28
242000 -28.0776 -28
242100 -28.6658 -28
242200 -29.0696 -28
242300 -29.2635 -28
242400 -29.4205 -28
242500 -29.3159 -28
242600 -28.854 -28
242700 -28.2888 -28
242800 -27.9807 -28
242900 -28.0699 -28
243000 -28.383 -28
243100 -28.7454 -28
243200 -29.0669 -28
243300 -29.0128 -28
243400 -28.6363 -28
243500 -28.5225 -28
243600 -28.3178 -28
243700 -27.9467 -28
243800 -27.8668 -28
243900 -27.9716 -28
244000 -28.2099 -28
244100 -28.5778 -28
244200 -28.9134 -28
244300 -29.1286 -28
244400 -29.0823 -28
244500 -28.9361 -28
244600 -28.9502 -28
244700 -29.0488 -28
244800 -29.0751 -28
244900 -29.0549 -28
245000 -28.877 -28
245100 -28.6484 -28
245200 -28.2886 -28
245300 -27.9142 -28
245400 -27.5938 -28
245500 -27.6331 -28
245600 -27.7919 -28
245700 -27.8345 -28
245800 -27.7848 -28
245900 -27.9587 -28
246000 -28.3719 -28
246100 -28.5885 -28
246200 -28.5455 -28
246300 -28.2466 -28
246400 -27.7023 -28
246500 -27.5554 -28
246600 -27.9944 -28
246700 -28.4036 -28
246800 -28.8116 -28
246900 -28.86 -28
247000 -28.7553 -28
247100 -28.6677 -28
247200 -28.6044 -28
247300 -28.3503 -28
247400 -28.2345 -28
247500 -28.3417 -28
247600 -28.253 -28
247700 -28.0262 -28
247800 -27.8699 -28
247900 -27.7897 -28
248000 -27.6768 -28
248100 -27.7306 -28
248200 -27.8569 -28
248300 -28.0112 -28
248400 -28.1198 -28
248500 -28.428 -28
248600 -28.7258 -28
248700 -28.5938 -28
248800 -28.2204 -28
248900 -27.5055 -28
249000 -26.9369 -28
249100 -26.8552 -28
249200 -26.9019 -28
249300 -26.9013 -28
249400 -27.1454 -28
249500 -27.3739 -28
249600 -27.7158 -28
249700 -27.8752 -28
249800 -27.8195 -28
249900 -27.657 -28
250000 -27.6724 -28
250100 -27.936 -28
250200 -27.8907 -28
250300 -27.7857 -28
250400 -27.9565 -28
250500 -28.255 -28
250600 -28.322 -28
250700 -28.0332 -28
250800 -27.4734 -28
250900 -26.9045 -28
251000 -26.4838 -28
251100 -26.3896 -28
251200 -26.7245 -28
251300 -27.4106 -28
251400 -28.116 -28
251500 -28.1829 -28
251600 -27.9192 -28
251700 -27.5753 -28
251800 -27.3728 -28
251900 -27.691 -28
252000 -27.9797 -28
252100 -28.2497 -28
252200 -28.4944 -28
252300 -28.7368 -28
252400 -28.8671 -28
252500 -28.648 -28
252600 -28.1214 -28
252700 -27.6888 -28
252800 -27.4439 -28
252900 -27.4102 -28
253000 -27.4218 -28
253100 -27.5354 -28
253200 -27.6961 -28
253300 -27.9204 -28
253400 -28.1422 -28
253500 -27.9555 -28
253600 -27.7563 -28
253700 -27.8444 -28
253800 -28.2183 -28
253900 -28.3507 -28
254000 -28.0965 -28
254100 -27.8151 -28
254200 -27.7074 -28
254300 -27.6317 -28
254400 -27.5344 -28
254500 -27.4975 -28
254600 -27.4387 -28
254700 -27.5141 -28
254800 -27.6783 -28
254900 -27.9205 -28
255000 -28.2981 -28
255100 -28.7015 -28
255200 -28.9148 -28
255300 -28.7579 -28
255400 -28.5652 -28
255500 -28.2667 -28
255600 -28.2173 -28
255700 -28.1828 -28
255800 -28.0463 -28
255900 -27.7075 -28
256000 -27.5234 -28
256100 -27.6004 -28
256200 -27.4818 -28
256300 -27.3754 -28
256400 -27.298 -28
256500 -27.2806 -28
256600 -27.3578 -28
256700 -27.2555 -28
256800 -27.0158 -28
256900 -26.8688 -28
257000 -26.6301 -28
257100 -26.5467 -28
257200 -26.6937 -28
257300 -27.1007 -28
257400 -27.4617 -28
257500 -27.8367 -28
257600 -28.3075 -28
257700 -28.8195 -28
257800 -28.8954 -28
257900 -28.6993 -28
258000 -28.5889 -28
258100 -28.4511 -28
258200 -28.2616 -28
258300 -28.2983 -28
258400 -28.2719 -28
258500 -27.9887 -28
258600 -28.0586 -28
258700 -28.2249 -28
258800 -28.1888 -28
258900 -27.7589 -28
259000 -27.4439 -28
259100 -27.3857 -28
259200 -27.2708 -28
259300 -27.3217 -28
259400 -27.6151 -28
259500 -27.731 -28
259600 -27.5976 -28
259700 -27.5572 -28
259800 -27.8639 -28
259900 -28.0707 -28
260000 -28.3051 -28
260100 -28.3123 -28
260200 -28.2145 -28
260300 -28.0081 -28
260400 -27.729 -28
260500 -27.5563 -28
260600 -27.7165 -28
260700 -27.7523 -28
260800 -27.9257 -28
260900 -28.2233 -28
261000 -28.366 -28
261100 -28.4247 -28
261200 -28.319 -28
261300 -28.2406 -28
261400 -28.2834 -28
261500 -28.0287 -28
261600 -27.6538 -28
261700 -27.1545 -28
261800 -26.9899 -28
261900 -27.0568 -28
262000 -27.2119 -28
262100 -27.2326 -28
262200 -27.3098 -28
262300 -27.3023 -28
262400 -27.4322 -28
262500 -27.4955 -28
262600 -27.3991 -28
262700 -27.547 -28
262800 -28.0325 -28
262900 -28.8903 -28
263000 -29.4521 -28
263100 -29.5751 -28
263200 -29.0359 -28
263300 -28.552 -28
263400 -28.1337 -28
263500 -27.9101 -28
263600 -27.7037 -28
263700 -27.6414 -28
263800 -27.4377 -28
263900 -27.4309 -28
264000 -27.4333 -28
264100 -27.3381 -28
264200 -27.4088 -28
264300 -27.4469 -28
264400 -27.5181 -28
264500 -27.6519 -28
264600 -28.0106 -28
264700 -28.4124 -28
264800 -28.4938 -28
264900 -28.416 -28
265000 -28.1861 -28
265100 -28.0384 -28
265200 -28.0755 -28
265300 -28.0593 -28
265400 -28.014 -28
265500 -27.9426 -28
265600 -28.0579 -28
265700 -28.1224 -28
265800 -27.9563 -28
265900 -27.6548 -28
266000 -27.4754 -28
266100 -27.5988 -28
266200 -27.8126 -28
266300 -28.1278 -28
266400 -28.466 -28
266500 -28.4429 -28
266600 -27.8573 -28
266700 -27.22 -28
266800 -26.9983 -28
266900 -26.9206 -28
267000 -26.9019 -28
267100 -26.7833 -28
267200 -26.6961 -28
267300 -26.9157 -28
267400 -27.4483 -28
267500 -27.7282 -28
267600 -27.8582 -28
267700 -27.8103 -28
267800 -27.887 -28
267900 -28.175 -28
268000 -28.2524 -28
268100 -28.4579 -28
268200 -28.7427 -28
268300 -28.6891 -28
268400 -28.4804 -28
268500 -28.2376 -28
268600 -27.8027 -28
268700 -27.3782 -28
268800 -27.1449 -28
268900 -27.1849 -28
269000 -27.6076 -28
269100 -28.0812 -28
269200 -28.1996 -28
269300 -27.9703 -28
269400 -27.6082 -28
269500 -27.5162 -28
269600 -27.6558 -28
269700 -27.8927 -28
269800 -28.1976 -28
269900 -28.2753 -28
270000 -28.2966 -28
