# Time-averaged data for fix myat1
# TimeStep v_xave v_xdes
1830100 3.60807 4
1830200 3.3395 4
1830300 3.34261 4
1830400 3.53075 4
1830500 3.71751 4
1830600 3.84455 4
1830700 3.85267 4
1830800 3.85646 4
1830900 3.90881 4
1831000 3.97671 4
1831100 4.3213 4
1831200 4.68057 4
1831300 4.7939 4
1831400 4.63538 4
1831500 3.99674 4
1831600 3.35484 4
1831700 3.2375 4
1831800 3.24663 4
1831900 3.49283 4
1832000 3.94256 4
1832100 4.44292 4
1832200 5.00408 4
1832300 5.28706 4
1832400 5.02282 4
1832500 4.69613 4
1832600 4.65487 4
1832700 4.47605 4
1832800 4.12843 4
1832900 3.72049 4
1833000 3.21996 4
1833100 3.21953 4
1833200 3.82155 4
1833300 4.36021 4
1833400 4.65834 4
1833500 4.64186 4
1833600 4.56068 4
1833700 4.48282 4
1833800 4.44227 4
1833900 4.23539 4
1834000 3.9981 4
1834100 4.0075 4
1834200 4.00075 4
1834300 4.19367 4
1834400 4.1709 4
1834500 4.05157 4
1834600 4.15183 4
1834700 4.12777 4
1834800 3.74133 4
1834900 3.42929 4
1835000 3.52265 4
1835100 3.71927 4
1835200 4.02298 4
1835300 4.26654 4
1835400 4.50732 4
1835500 4.68083 4
1835600 4.83593 4
1835700 4.82671 4
1835800 4.7626 4
1835900 4.50936 4
1836000 4.25648 4
1836100 4.23992 4
1836200 4.19959 4
1836300 4.07937 4
1836400 3.83765 4
1836500 3.63744 4
1836600 3.70039 4
1836700 3.5788 4
1836800 3.60809 4
1836900 3.80922 4
1837000 3.98347 4
1837100 4.01833 4
1837200 4.10238 4
1837300 4.09861 4
1837400 3.99149 4
1837500 3.80466 4
1837600 3.861 4
1837700 4.18506 4
1837800 4.8054 4
1837900 5.34467 4
1838000 5.68619 4
1838100 5.65487 4
1838200 5.72522 4
1838300 5.4742 4
1838400 4.90775 4
1838500 4.10083 4
1838600 3.4288 4
1838700 3.4086 4
1838800 3.79809 4
1838900 4.11758 4
1839000 4.29215 4
1839100 4.59833 4
1839200 4.75681 4
1839300 4.77595 4
1839400 4.56922 4
1839500 4.47253 4
1839600 4.55095 4
1839700 4.61155 4
1839800 4.37206 4
1839900 3.91347 4
1840000 3.67118 4
1840100 3.80207 4
1840200 3.83593 4
1840300 4.18932 4
1840400 4.61369 4
1840500 4.81237 4
1840600 4.89708 4
1840700 4.8624 4
1840800 4.57647 4
1840900 4.12947 4
1841000 3.70433 4
1841100 3.69146 4
1841200 3.61182 4
1841300 3.37784 4
1841400 3.39156 4
1841500 3.65152 4
1841600 3.7638 4
1841700 3.94697 4
1841800 4.30573 4
1841900 4.78177 4
1842000 5.16977 4
1842100 5.32164 4
1842200 5.3275 4
1842300 5.40809 4
1842400 5.40486 4
1842500 5.18538 4
1842600 4.99597 4
1842700 4.60069 4
1842800 4.48394 4
1842900 4.14405 4
1843000 3.59652 4
1843100 3.2959 4
1843200 3.38027 4
1843300 3.54309 4
1843400 3.67832 4
1843500 3.57521 4
1843600 3.54683 4
1843700 3.68873 4
1843800 3.79107 4
1843900 3.69021 4
1844000 3.78004 4
1844100 3.80505 4
1844200 3.84477 4
1844300 4.1067 4
1844400 4.40397 4
1844500 4.65934 4
1844600 4.87955 4
1844700 5.07914 4
1844800 4.96866 4
1844900 4.74494 4
1845000 4.63555 4
1845100 4.73708 4
1845200 4.74359 4
1845300 4.67466 4
1845400 4.43236 4
1845500 4.25281 4
1845600 4.2969 4
1845700 4.45555 4
1845800 4.62651 4
1845900 4.71806 4
1846000 5.04479 4
1846100 5.42865 4
1846200 5.9173 4
1846300 6.32294 4
1846400 6.1066 4
1846500 5.49136 4
1846600 4.65379 4
1846700 4.32427 4
1846800 4.28425 4
1846900 4.22415 4
1847000 4.11574 4
1847100 4.07642 4
1847200 4.10464 4
1847300 4.15417 4
1847400 4.1102 4
1847500 4.05955 4
1847600 3.95724 4
1847700 3.99631 4
1847800 3.99313 4
1847900 4.25561 4
1848000 4.64776 4
1848100 4.8375 4
1848200 4.77079 4
1848300 4.5279 4
1848400 4.30648 4
1848500 4.08393 4
1848600 3.93505 4
1848700 3.91149 4
1848800 4.02372 4
1848900 4.1761 4
1849000 4.14992 4
1849100 4.07554 4
1849200 4.31577 4
1849300 4.5814 4
1849400 4.56439 4
1849500 4.23615 4
1849600 3.76803 4
1849700 3.38613 4
1849800 3.30338 4
1849900 3.35581 4
1850000 3.61688 4
1850100 3.71912 4
1850200 3.83785 4
1850300 3.91757 4
1850400 3.9112 4
1850500 3.93151 4
1850600 4.0757 4
1850700 4.19142 4
1850800 4.11612 4
1850900 3.89293 4
1851000 3.74832 4
1851100 3.56976 4
1851200 3.36837 4
1851300 3.52757 4
1851400 3.50926 4
1851500 3.41188 4
1851600 3.38446 4
1851700 3.46041 4
1851800 3.59333 4
1851900 3.57182 4
1852000 3.75189 4
1852100 4.13626 4
1852200 4.36867 4
1852300 4.39746 4
1852400 4.40968 4
1852500 4.19287 4
1852600 3.81886 4
1852700 3.4689 4
1852800 3.34163 4
1852900 3.52923 4
1853000 3.76063 4
1853100 3.71279 4
1853200 3.67966 4
1853300 3.89745 4
1853400 4.2594 4
1853500 4.66423 4
1853600 4.93883 4
1853700 5.00662 4
1853800 4.8921 4
1853900 4.87694 4
1854000 4.91765 4
1854100 4.87623 4
1854200 4.91628 4
1854300 4.76108 4
1854400 4.59196 4
1854500 4.49461 4
1854600 4.33159 4
1854700 4.41375 4
1854800 4.55903 4
1854900 4.51271 4
1855000 4.35818 4
1855100 3.97153 4
1855200 3.55421 4
1855300 3.34911 4
1855400 3.39295 4
1855500 3.67947 4
1855600 4.12448 4
1855700 4.40325 4
1855800 4.45598 4
1855900 4.29239 4
1856000 4.03846 4
1856100 3.72655 4
1856200 3.68219 4
1856300 3.74682 4
1856400 3.82195 4
1856500 3.65523 4
1856600 3.73933 4
1856700 3.75 4
1856800 4.11461 4
1856900 4.25024 4
1857000 4.40779 4
1857100 4.37754 4
1857200 4.37126 4
1857300 4.4724 4
1857400 4.30222 4
1857500 4.1823 4
1857600 4.45409 4
1857700 4.906 4
1857800 5.01046 4
1857900 4.88681 4
1858000 4.86235 4
1858100 4.87023 4
1858200 4.7407 4
1858300 4.66572 4
1858400 4.68932 4
1858500 4.92699 4
1858600 4.98015 4
1858700 4.7778 4
1858800 4.51856 4
1858900 4.36196 4
1859000 4.33017 4
1859100 4.50868 4
1859200 4.56251 4
1859300 4.38865 4
1859400 4.11812 4
1859500 3.87159 4
1859600 3.86529 4
1859700 3.71147 4
1859800 3.31509 4
1859900 3.09428 4
1860000 3.24489 4
1860100 3.45804 4
1860200 3.7675 4
1860300 4.08362 4
1860400 4.4362 4
1860500 4.58948 4
1860600 4.66297 4
1860700 4.66481 4
1860800 4.88313 4
1860900 5.11757 4
1861000 5.15419 4
1861100 4.90287 4
1861200 4.27934 4
1861300 3.88039 4
1861400 3.66734 4
1861500 3.57557 4
1861600 3.59874 4
1861700 3.64749 4
1861800 3.73346 4
1861900 3.68933 4
1862000 3.72537 4
1862100 3.85917 4
1862200 4.08008 4
1862300 4.30995 4
1862400 4.39368 4
1862500 4.62932 4
1862600 4.70896 4
1862700 4.71604 4
1862800 4.39114 4
1862900 4.11515 4
1863000 3.79077 4
1863100 3.27105 4
1863200 2.77582 4
1863300 2.46597 4
1863400 2.30073 4
1863500 2.61806 4
1863600 3.27595 4
1863700 3.91598 4
1863800 4.46094 4
1863900 4.99257 4
1864000 5.37235 4
1864100 5.34608 4
1864200 4.92368 4
1864300 4.54191 4
1864400 4.09386 4
1864500 3.59231 4
1864600 3.48552 4
1864700 4.00791 4
1864800 4.72071 4
1864900 5.17528 4
1865000 5.32452 4
1865100 5.36882 4
1865200 5.27465 4
1865300 4.8219 4
1865400 4.38308 4
1865500 4.17138 4
1865600 4.02086 4
1865700 3.8039 4
1865800 3.47422 4
1865900 3.38117 4
1866000 3.40059 4
1866100 3.65406 4
1866200 3.92442 4
1866300 4.1526 4
1866400 4.27243 4
1866500 4.27609 4
1866600 4.17204 4
1866700 3.94119 4
1866800 3.83343 4
1866900 3.76118 4
1867000 3.95974 4
1867100 3.94944 4
1867200 3.69365 4
1867300 3.40614 4
1867400 3.13743 4
1867500 3.03693 4
1867600 2.99025 4
1867700 2.99405 4
1867800 3.36822 4
1867900 3.84262 4
1868000 4.45886 4
1868100 4.5836 4
1868200 4.49665 4
1868300 4.45196 4
1868400 4.38069 4
1868500 4.12834 4
1868600 4.12126 4
1868700 4.2351 4
1868800 4.32896 4
1868900 4.13645 4
1869000 3.77275 4
1869100 3.15414 4
1869200 2.85381 4
1869300 2.95992 4
1869400 3.14984 4
1869500 3.25851 4
1869600 3.08304 4
1869700 2.97921 4
1869800 2.94573 4
1869900 3.15079 4
1870000 3.52044 4
1870100 3.9378 4
1870200 4.19675 4
1870300 4.37673 4
1870400 4.48015 4
1870500 4.47048 4
1870600 4.36999 4
1870700 4.06668 4
1870800 3.89302 4
1870900 3.71272 4
1871000 3.53423 4
1871100 3.40175 4
1871200 3.37601 4
1871300 3.29416 4
1871400 3.07855 4
1871500 3.2454 4
1871600 3.76355 4
1871700 4.15594 4
1871800 4.55778 4
1871900 4.71357 4
1872000 4.54493 4
1872100 4.14782 4
1872200 3.9618 4
1872300 4.05074 4
1872400 4.14807 4
1872500 4.314 4
1872600 4.63817 4
1872700 4.98003 4
1872800 5.06974 4
1872900 4.85389 4
1873000 4.57374 4
1873100 4.59628 4
1873200 4.71614 4
1873300 4.8284 4
1873400 4.65383 4
1873500 4.43537 4
1873600 4.10126 4
1873700 3.94643 4
1873800 3.85314 4
1873900 3.57833 4
1874000 3.32914 4
1874100 3.15702 4
1874200 3.39389 4
1874300 3.81481 4
1874400 4.1373 4
1874500 4.05344 4
1874600 4.13302 4
1874700 4.23032 4
1874800 4.18529 4
1874900 4.0636 4
1875000 4.00607 4
1875100 3.99912 4
1875200 4.15235 4
1875300 4.44399 4
1875400 4.52893 4
1875500 4.38083 4
1875600 4.12381 4
1875700 4.14254 4
1875800 4.29365 4
1875900 4.42006 4
1876000 4.3216 4
1876100 4.16625 4
1876200 3.85558 4
1876300 3.48963 4
1876400 3.33456 4
1876500 3.319 4
1876600 3.6522 4
1876700 3.95389 4
1876800 4.48901 4
1876900 4.68058 4
1877000 4.86483 4
1877100 4.877 4
1877200 4.74917 4
1877300 4.522 4
1877400 4.39271 4
1877500 4.36504 4
1877600 4.47548 4
1877700 4.75802 4
1877800 4.99406 4
1877900 5.31873 4
1878000 5.73984 4
1878100 5.77942 4
1878200 5.35156 4
1878300 4.66048 4
1878400 3.86017 4
1878500 3.40012 4
1878600 3.08884 4
1878700 2.64261 4
1878800 2.34486 4
1878900 2.55743 4
1879000 2.92122 4
1879100 3.59357 4
1879200 4.31416 4
1879300 4.83048 4
1879400 4.97275 4
1879500 4.94352 4
1879600 4.94354 4
1879700 4.7247 4
1879800 4.55972 4
1879900 4.62019 4
1880000 4.69162 4
1880100 4.63605 4
1880200 4.69356 4
1880300 4.66207 4
1880400 4.29815 4
1880500 3.72339 4
1880600 3.38448 4
1880700 3.28592 4
1880800 3.23065 4
1880900 3.32528 4
1881000 3.72743 4
1881100 4.3245 4
1881200 4.83742 4
1881300 5.16396 4
1881400 5.28621 4
1881500 5.2229 4
1881600 5.22628 4
1881700 5.15301 4
1881800 4.89536 4
1881900 4.44884 4
1882000 4.22551 4
1882100 4.12451 4
1882200 3.72395 4
1882300 3.29556 4
1882400 3.13241 4
1882500 2.99636 4
1882600 3.17496 4
1882700 3.44915 4
1882800 3.94662 4
1882900 4.56883 4
1883000 4.89337 4
1883100 5.34787 4
1883200 5.76185 4
1883300 5.82122 4
1883400 5.53166 4
1883500 4.98847 4
1883600 4.35736 4
1883700 4.22 4
1883800 4.14601 4
1883900 4.29374 4
1884000 4.42868 4
1884100 4.5818 4
1884200 4.47657 4
1884300 4.40392 4
1884400 4.5506 4
1884500 4.66338 4
1884600 4.48163 4
1884700 4.32186 4
1884800 4.23344 4
1884900 3.79339 4
1885000 3.16345 4
1885100 2.44697 4
1885200 2.28241 4
1885300 2.74537 4
1885400 3.30592 4
1885500 3.79545 4
1885600 4.05274 4
1885700 3.98593 4
1885800 3.77878 4
1885900 3.42408 4
1886000 2.93496 4
1886100 2.6318 4
1886200 2.4988 4
1886300 2.4521 4
1886400 2.53419 4
1886500 2.76347 4
1886600 2.76802 4
1886700 2.92124 4
1886800 3.12038 4
1886900 3.64851 4
1887000 4.08639 4
1887100 4.46433 4
1887200 4.5996 4
1887300 4.78099 4
1887400 5.20007 4
1887500 5.55159 4
1887600 5.66629 4
1887700 5.67097 4
1887800 5.30929 4
1887900 4.94257 4
1888000 4.80464 4
1888100 5.04091 4
1888200 5.13111 4
1888300 4.96379 4
1888400 4.54324 4
1888500 4.20382 4
1888600 4.12816 4
1888700 4.26748 4
1888800 4.37838 4
1888900 4.3006 4
1889000 4.22671 4
1889100 3.99818 4
1889200 3.64505 4
1889300 3.4171 4
1889400 3.56677 4
1889500 3.61031 4
1889600 3.64121 4
1889700 3.70968 4
1889800 3.75607 4
1889900 3.87354 4
1890000 3.84472 4
1890100 3.75722 4
1890200 3.58994 4
1890300 3.68568 4
1890400 3.73712 4
1890500 3.8007 4
1890600 3.82608 4
1890700 4.03146 4
1890800 3.95549 4
1890900 3.94736 4
1891000 4.24056 4
1891100 4.29217 4
1891200 4.49265 4
1891300 4.62074 4
1891400 4.85109 4
1891500 4.99361 4
1891600 4.6914 4
1891700 4.41454 4
1891800 4.26127 4
1891900 4.10393 4
1892000 3.9568 4
1892100 3.67949 4
1892200 3.25228 4
1892300 2.94379 4
1892400 3.00666 4
1892500 3.40208 4
1892600 3.45294 4
1892700 3.45717 4
1892800 3.92441 4
1892900 4.71491 4
1893000 5.36152 4
1893100 5.49654 4
1893200 5.09527 4
1893300 4.68011 4
1893400 4.45137 4
1893500 4.06562 4
1893600 3.93314 4
1893700 4.00286 4
1893800 4.21004 4
1893900 4.45915 4
1894000 4.53865 4
1894100 4.5004 4
1894200 4.34047 4
1894300 4.18066 4
1894400 4.08566 4
1894500 4.01048 4
1894600 4.11581 4
1894700 4.06252 4
1894800 4.08366 4
1894900 4.45823 4
1895000 4.84507 4
1895100 5.08356 4
1895200 5.12112 4
1895300 4.6258 4
1895400 4.01564 4
1895500 3.63229 4
1895600 3.66298 4
1895700 4.20051 4
1895800 4.81941 4
1895900 5.26117 4
1896000 5.51927 4
1896100 5.51921 4
1896200 5.12549 4
1896300 4.48859 4
1896400 4.09753 4
1896500 4.00114 4
1896600 4.02421 4
1896700 4.31931 4
1896800 4.69052 4
1896900 4.80424 4
1897000 4.84755 4
1897100 4.80634 4
1897200 4.4592 4
1897300 4.23885 4
1897400 3.89257 4
1897500 3.66563 4
1897600 3.62435 4
1897700 3.4239 4
1897800 3.279 4
1897900 3.11244 4
1898000 3.25336 4
1898100 3.67102 4
1898200 4.02181 4
1898300 4.00491 4
1898400 4.08903 4
1898500 4.02988 4
1898600 3.9274 4
1898700 4.04941 4
1898800 4.30444 4
1898900 4.57897 4
1899000 4.95026 4
1899100 5.16342 4
1899200 5.0892 4
1899300 4.91878 4
1899400 4.72788 4
1899500 4.42807 4
1899600 4.37594 4
1899700 4.58003 4
1899800 4.81716 4
1899900 4.49626 4
1900000 3.85759 4
1900100 3.52205 4
1900200 3.35915 4
1900300 3.2698 4
1900400 3.4965 4
1900500 3.78306 4
1900600 4.04414 4
1900700 4.11832 4
1900800 4.00268 4
1900900 3.86703 4
1901000 3.84489 4
1901100 4.00718 4
1901200 4.03352 4
1901300 4.06883 4
1901400 4.20859 4
1901500 4.23483 4
1901600 4.37251 4
1901700 4.57004 4
1901800 4.70234 4
1901900 4.87966 4
1902000 4.80439 4
1902100 4.45888 4
1902200 4.12604 4
1902300 3.91442 4
1902400 3.89153 4
1902500 3.8104 4
1902600 3.66583 4
1902700 3.62608 4
1902800 3.81212 4
1902900 4.00608 4
1903000 4.17062 4
1903100 4.12216 4
1903200 4.19282 4
1903300 4.39993 4
1903400 4.64505 4
1903500 4.7714 4
1903600 4.54421 4
1903700 4.02944 4
1903800 3.41856 4
1903900 2.89269 4
1904000 2.79479 4
1904100 3.01713 4
1904200 3.27847 4
1904300 3.45091 4
1904400 3.92215 4
1904500 4.30144 4
1904600 4.63488 4
1904700 4.73856 4
1904800 5.09329 4
1904900 5.55738 4
1905000 5.81418 4
1905100 5.58389 4
1905200 5.1437 4
1905300 4.88687 4
1905400 4.69618 4
1905500 4.29545 4
1905600 3.97696 4
1905700 3.91771 4
1905800 3.9604 4
1905900 4.11379 4
1906000 4.32375 4
1906100 4.41344 4
1906200 4.37598 4
1906300 3.87511 4
1906400 3.18075 4
1906500 2.67296 4
1906600 2.29165 4
1906700 2.60435 4
1906800 3.307 4
1906900 3.80797 4
1907000 4.13687 4
1907100 4.41009 4
1907200 4.62254 4
1907300 4.61149 4
1907400 4.46185 4
1907500 4.43219 4
1907600 4.41511 4
1907700 4.42196 4
1907800 4.69545 4
1907900 4.87235 4
1908000 4.89887 4
1908100 4.77313 4
1908200 4.52508 4
1908300 4.24917 4
1908400 4.28281 4
1908500 4.33841 4
1908600 4.10722 4
1908700 3.668 4
1908800 3.1897 4
1908900 2.9403 4
1909000 3.13413 4
1909100 3.76522 4
1909200 4.54542 4
1909300 5.02232 4
1909400 5.00228 4
1909500 4.81735 4
1909600 4.67915 4
1909700 4.59961 4
1909800 4.47504 4
1909900 4.48937 4
1910000 4.59999 4
1910100 4.62469 4
1910200 4.25824 4
1910300 3.91276 4
1910400 3.74415 4
1910500 3.73733 4
1910600 3.87947 4
1910700 3.81607 4
1910800 3.91789 4
1910900 4.09464 4
1911000 3.9281 4
1911100 3.88538 4
1911200 3.86538 4
1911300 3.71267 4
1911400 3.65981 4
1911500 3.65375 4
1911600 3.56134 4
1911700 3.56714 4
1911800 3.60765 4
1911900 3.43723 4
1912000 3.36959 4
1912100 3.56435 4
1912200 3.77933 4
1912300 4.09028 4
1912400 4.2751 4
1912500 4.72841 4
1912600 5.19919 4
1912700 5.4934 4
1912800 5.72516 4
1912900 5.5518 4
1913000 5.10882 4
1913100 4.56896 4
1913200 3.88392 4
1913300 3.24806 4
1913400 2.90912 4
1913500 2.78207 4
1913600 2.93089 4
1913700 2.94031 4
1913800 3.16882 4
1913900 3.57577 4
1914000 3.96357 4
1914100 4.57293 4
1914200 5.09312 4
1914300 5.08419 4
1914400 4.76544 4
1914500 4.35907 4
1914600 4.16519 4
1914700 3.93944 4
1914800 3.85332 4
1914900 3.67948 4
1915000 3.54075 4
1915100 3.60663 4
1915200 3.89049 4
1915300 4.189 4
1915400 4.21356 4
1915500 4.11705 4
1915600 4.17564 4
1915700 4.28727 4
1915800 4.12085 4
1915900 3.69474 4
1916000 3.49908 4
1916100 3.65173 4
1916200 3.77128 4
1916300 3.86286 4
1916400 4.36097 4
1916500 4.89016 4
1916600 5.28323 4
1916700 5.38085 4
1916800 5.26873 4
1916900 5.13452 4
1917000 5.17793 4
1917100 5.28354 4
1917200 5.2557 4
1917300 5.13303 4
1917400 4.648 4
1917500 4.19421 4
1917600 3.76518 4
1917700 3.76654 4
1917800 4.19292 4
1917900 4.35262 4
1918000 4.30133 4
1918100 4.0743 4
1918200 4.19927 4
1918300 4.61665 4
1918400 5.01166 4
1918500 5.2417 4
1918600 5.24724 4
1918700 4.77761 4
1918800 4.18296 4
1918900 3.59118 4
1919000 2.84683 4
1919100 2.47394 4
1919200 2.48551 4
1919300 2.81163 4
1919400 3.29579 4
1919500 3.48079 4
1919600 3.49572 4
1919700 3.44668 4
1919800 3.5334 4
1919900 3.70001 4
1920000 3.96741 4
1920100 4.2314 4
1920200 4.41712 4
1920300 4.47804 4
1920400 4.54118 4
1920500 4.66444 4
1920600 4.5508 4
1920700 4.55906 4
1920800 4.49709 4
1920900 4.24566 4
1921000 3.94804 4
1921100 3.59266 4
1921200 3.66736 4
1921300 3.87533 4
1921400 4.16166 4
1921500 3.90193 4
1921600 3.54199 4
1921700 3.35616 4
1921800 3.28151 4
1921900 3.30556 4
1922000 3.53289 4
1922100 3.9211 4
1922200 4.39118 4
1922300 4.48218 4
1922400 4.46649 4
1922500 4.72512 4
1922600 5.01729 4
1922700 5.08211 4
1922800 5.03677 4
1922900 4.70075 4
1923000 4.21036 4
1923100 3.64567 4
1923200 3.26697 4
1923300 3.26864 4
1923400 3.25882 4
1923500 3.62825 4
1923600 4.18271 4
1923700 4.45525 4
1923800 4.54016 4
1923900 4.33673 4
1924000 4.08671 4
1924100 3.99746 4
1924200 3.82624 4
1924300 3.6613 4
1924400 3.68031 4
1924500 3.96037 4
1924600 4.16087 4
1924700 4.41857 4
1924800 4.67006 4
1924900 4.67712 4
1925000 4.74537 4
1925100 4.73347 4
1925200 4.55367 4
1925300 3.99393 4
1925400 3.42518 4
1925500 3.16412 4
1925600 3.44768 4
1925700 3.70496 4
1925800 4.03431 4
1925900 4.39171 4
1926000 4.38789 4
1926100 4.44026 4
1926200 4.43414 4
1926300 4.57872 4
1926400 4.5895 4
1926500 4.59584 4
1926600 4.51177 4
1926700 4.4739 4
1926800 4.14009 4
1926900 3.84421 4
1927000 3.80826 4
1927100 3.98068 4
1927200 4.18694 4
1927300 4.30416 4
1927400 4.393 4
1927500 4.45911 4
1927600 4.61361 4
1927700 4.71601 4
1927800 4.69269 4
1927900 4.50393 4
1928000 4.19629 4
1928100 3.57426 4
1928200 3.30722 4
1928300 3.16302 4
1928400 3.11859 4
1928500 3.22786 4
1928600 3.38086 4
1928700 3.42287 4
1928800 3.56765 4
1928900 3.69142 4
1929000 3.75482 4
1929100 3.80173 4
1929200 3.78759 4
1929300 3.59657 4
1929400 3.296 4
1929500 3.44369 4
1929600 3.49965 4
1929700 3.43804 4
1929800 3.41907 4
1929900 3.51067 4
1930000 3.61675 4
1930100 3.87233 4
1930200 4.17855 4
1930300 4.17744 4
1930400 4.07848 4
1930500 4.173 4
1930600 4.30686 4
1930700 4.19957 4
1930800 4.08506 4
1930900 4.09496 4
1931000 4.22467 4
1931100 4.26471 4
1931200 4.42944 4
1931300 4.67372 4
1931400 4.99388 4
1931500 5.21981 4
1931600 5.50129 4
1931700 5.46489 4
1931800 5.08213 4
1931900 4.45828 4
1932000 4.31017 4
1932100 4.2903 4
1932200 4.06392 4
1932300 3.95072 4
1932400 3.97857 4
1932500 4.01182 4
1932600 3.81957 4
1932700 3.45879 4
1932800 3.44711 4
1932900 3.98186 4
1933000 4.57113 4
1933100 4.85764 4
1933200 5.10397 4
1933300 5.26721 4
1933400 5.25973 4
1933500 5.08312 4
1933600 4.81623 4
1933700 4.48296 4
1933800 3.75974 4
1933900 3.09373 4
1934000 2.739 4
1934100 2.70787 4
1934200 2.98673 4
1934300 3.32938 4
1934400 3.54887 4
1934500 3.39961 4
1934600 3.36439 4
1934700 3.21936 4
1934800 3.36177 4
1934900 3.64004 4
1935000 3.83477 4
1935100 3.79665 4
1935200 3.82462 4
1935300 3.94463 4
1935400 3.97593 4
1935500 4.01291 4
1935600 4.14678 4
1935700 4.31314 4
1935800 4.51762 4
1935900 4.80707 4
1936000 5.02911 4
1936100 5.09754 4
1936200 4.92161 4
1936300 4.58549 4
1936400 4.01847 4
1936500 3.42488 4
1936600 3.09187 4
1936700 2.65372 4
1936800 2.55286 4
1936900 2.87117 4
1937000 3.36292 4
1937100 3.77314 4
1937200 3.89265 4
1937300 3.86227 4
1937400 3.98146 4
1937500 4.10982 4
1937600 4.15683 4
1937700 4.1585 4
1937800 4.19496 4
1937900 4.37936 4
1938000 4.51858 4
1938100 4.41709 4
1938200 4.35269 4
1938300 4.39559 4
1938400 4.59432 4
1938500 4.71651 4
1938600 4.70721 4
1938700 4.67574 4
1938800 4.45064 4
1938900 4.25388 4
1939000 4.2381 4
1939100 4.00236 4
1939200 3.90992 4
1939300 4.05329 4
1939400 4.10474 4
1939500 3.95593 4
1939600 3.70543 4
1939700 3.60834 4
1939800 3.77148 4
1939900 3.81117 4
1940000 3.82006 4
1940100 4.1417 4
1940200 4.54812 4
1940300 4.91057 4
1940400 5.00243 4
1940500 4.53663 4
1940600 4.0366 4
1940700 3.76036 4
1940800 3.85635 4
1940900 4.30677 4
1941000 4.75601 4
1941100 5.08077 4
1941200 4.91771 4
1941300 4.36553 4
1941400 3.90233 4
1941500 3.55697 4
1941600 3.59843 4
1941700 3.77395 4
1941800 4.00098 4
1941900 4.03995 4
1942000 4.13916 4
1942100 4.21608 4
1942200 4.23999 4
1942300 4.17156 4
1942400 4.35132 4
1942500 4.56187 4
1942600 4.75781 4
1942700 4.61583 4
1942800 4.25613 4
1942900 3.98206 4
1943000 3.8716 4
1943100 3.82169 4
1943200 3.84786 4
1943300 4.13358 4
1943400 4.19332 4
1943500 4.02741 4
1943600 3.90523 4
1943700 3.91181 4
1943800 3.7354 4
1943900 3.57912 4
1944000 3.71883 4
1944100 3.99256 4
1944200 4.53023 4
1944300 4.91418 4
1944400 4.83535 4
1944500 4.98385 4
1944600 5.22174 4
1944700 5.14429 4
1944800 5.00959 4
1944900 5.03059 4
1945000 4.91522 4
1945100 4.57283 4
1945200 4.26768 4
1945300 4.11623 4
1945400 3.89241 4
1945500 3.5816 4
1945600 3.59375 4
1945700 3.93917 4
1945800 4.0907 4
1945900 4.18486 4
1946000 4.29101 4
1946100 4.0093 4
1946200 3.39278 4
1946300 2.82671 4
1946400 2.50012 4
1946500 2.62214 4
1946600 2.97788 4
1946700 3.59165 4
1946800 4.30363 4
1946900 4.79802 4
1947000 5.006 4
1947100 4.89426 4
1947200 4.84122 4
1947300 4.66311 4
1947400 4.27389 4
1947500 4.12956 4
1947600 4.24732 4
1947700 4.17393 4
1947800 3.82071 4
1947900 3.46484 4
1948000 3.10642 4
1948100 2.98011 4
1948200 3.16996 4
1948300 3.39157 4
1948400 3.80752 4
1948500 4.27829 4
1948600 4.40035 4
1948700 4.45659 4
1948800 4.53055 4
1948900 4.46545 4
1949000 4.39247 4
1949100 4.33475 4
1949200 4.39461 4
1949300 4.53235 4
1949400 4.36773 4
1949500 4.0301 4
1949600 3.57034 4
1949700 3.31833 4
1949800 3.20255 4
1949900 3.31495 4
1950000 3.31555 4
1950100 3.17707 4
1950200 3.19794 4
1950300 3.38321 4
1950400 3.55896 4
1950500 3.76581 4
1950600 4.18998 4
1950700 4.44355 4
1950800 4.77123 4
1950900 5.01423 4
1951000 5.09196 4
1951100 5.21568 4
1951200 5.44958 4
1951300 5.67757 4
1951400 5.50435 4
1951500 4.83315 4
1951600 3.90912 4
1951700 3.30253 4
1951800 3.24847 4
1951900 3.66721 4
1952000 4.03774 4
1952100 4.19395 4
1952200 4.2827 4
1952300 4.53192 4
1952400 4.83606 4
1952500 5.02283 4
1952600 5.2596 4
1952700 5.57678 4
1952800 5.85126 4
1952900 5.94465 4
1953000 5.5785 4
1953100 4.8477 4
1953200 4.06845 4
1953300 3.35782 4
1953400 3.13145 4
1953500 3.52863 4
1953600 3.95986 4
1953700 3.98835 4
1953800 3.69396 4
1953900 3.60243 4
1954000 3.61835 4
1954100 3.63236 4
1954200 3.80887 4
1954300 3.74853 4
1954400 3.69375 4
1954500 3.69877 4
1954600 3.87052 4
1954700 4.22696 4
1954800 4.72432 4
1954900 4.91008 4
1955000 5.03321 4
1955100 5.1922 4
1955200 5.04888 4
1955300 4.76863 4
1955400 4.65104 4
1955500 4.5163 4
1955600 4.46408 4
1955700 4.51007 4
1955800 4.2907 4
1955900 4.08543 4
1956000 4.15349 4
1956100 4.29844 4
1956200 4.2733 4
1956300 4.03556 4
1956400 3.61464 4
1956500 3.36515 4
1956600 3.42782 4
1956700 3.51217 4
1956800 3.55991 4
1956900 3.55021 4
1957000 3.58745 4
1957100 3.74711 4
1957200 4.0839 4
1957300 4.25161 4
1957400 4.16943 4
1957500 3.9336 4
1957600 3.55557 4
1957700 3.26906 4
1957800 3.12093 4
1957900 3.04671 4
1958000 3.21202 4
1958100 3.39392 4
1958200 3.55504 4
1958300 3.85385 4
1958400 4.10667 4
1958500 4.46122 4
1958600 4.98638 4
1958700 5.21051 4
1958800 5.27383 4
1958900 5.41656 4
1959000 5.3246 4
1959100 4.99191 4
1959200 4.75242 4
1959300 4.51213 4
1959400 4.24753 4
1959500 4.195 4
1959600 4.10717 4
1959700 3.87628 4
1959800 3.99188 4
1959900 4.21474 4
1960000 4.33662 4
1960100 4.32113 4
1960200 4.29087 4
1960300 4.16581 4
1960400 3.91557 4
1960500 3.73649 4
1960600 3.79107 4
1960700 4.12982 4
1960800 4.25467 4
1960900 4.41076 4
1961000 4.78035 4
1961100 4.81251 4
1961200 4.60661 4
1961300 4.36103 4
1961400 4.14889 4
1961500 3.89307 4
1961600 3.93396 4
1961700 4.33028 4
1961800 4.39094 4
1961900 4.25221 4
1962000 3.98223 4
1962100 3.75175 4
1962200 3.87994 4
1962300 4.28249 4
1962400 4.4798 4
1962500 4.38017 4
1962600 4.25412 4
1962700 4.16936 4
1962800 3.98118 4
1962900 3.91086 4
1963000 3.75007 4
1963100 3.52199 4
1963200 3.36463 4
1963300 3.31993 4
1963400 3.43124 4
1963500 3.8813 4
1963600 4.22098 4
1963700 4.33953 4
1963800 4.50141 4
1963900 4.87045 4
1964000 4.9033 4
1964100 4.68759 4
1964200 4.45698 4
1964300 4.20448 4
1964400 3.80152 4
1964500 3.54502 4
1964600 3.34214 4
1964700 3.00594 4
1964800 2.66441 4
1964900 2.74814 4
1965000 3.18562 4
1965100 3.70071 4
1965200 4.18219 4
1965300 4.34452 4
1965400 4.26507 4
1965500 3.96838 4
1965600 3.63592 4
1965700 3.43377 4
1965800 3.33844 4
1965900 3.58988 4
1966000 3.89139 4
1966100 3.98642 4
1966200 4.03267 4
1966300 4.19312 4
1966400 4.25339 4
1966500 3.8108 4
1966600 3.14202 4
1966700 2.56446 4
1966800 2.15805 4
1966900 2.19016 4
1967000 2.642 4
1967100 3.22535 4
1967200 3.86187 4
1967300 4.55275 4
1967400 5.15128 4
1967500 5.51122 4
1967600 5.53843 4
1967700 5.1468 4
1967800 4.43574 4
1967900 3.90913 4
1968000 3.6548 4
1968100 3.65651 4
1968200 3.88505 4
1968300 4.28464 4
1968400 4.58644 4
1968500 4.76815 4
1968600 4.91691 4
1968700 5.04209 4
1968800 5.03351 4
1968900 4.85692 4
1969000 4.72023 4
1969100 4.87287 4
1969200 4.51014 4
1969300 4.19672 4
1969400 4.29073 4
1969500 4.51681 4
1969600 4.53235 4
1969700 4.32311 4
1969800 4.35099 4
1969900 4.45722 4
1970000 4.70557 4
1970100 5.15351 4
1970200 5.46446 4
1970300 5.59071 4
1970400 5.78656 4
1970500 5.63959 4
1970600 5.39799 4
1970700 5.09435 4
1970800 4.77546 4
1970900 4.49871 4
1971000 4.36229 4
1971100 3.93676 4
1971200 3.58952 4
1971300 3.5857 4
1971400 3.8178 4
1971500 4.33177 4
1971600 4.71771 4
1971700 4.68073 4
1971800 4.2911 4
1971900 4.08427 4
1972000 3.83352 4
1972100 3.90253 4
1972200 4.18091 4
1972300 4.64073 4
1972400 5.03555 4
1972500 5.1383 4
1972600 5.30588 4
1972700 5.41324 4
1972800 5.29853 4
1972900 4.80839 4
1973000 4.19191 4
1973100 3.61446 4
1973200 3.40665 4
1973300 3.65431 4
1973400 3.89949 4
1973500 3.78952 4
1973600 3.87712 4
1973700 4.30842 4
1973800 4.75833 4
1973900 4.84076 4
1974000 4.78594 4
1974100 4.53863 4
1974200 4.1908 4
1974300 3.91561 4
1974400 3.84282 4
1974500 4.03784 4
1974600 4.49227 4
1974700 4.74936 4
1974800 4.91883 4
1974900 4.83659 4
1975000 4.7475 4
1975100 4.53378 4
1975200 4.39228 4
1975300 4.29453 4
1975400 4.29569 4
1975500 4.58359 4
1975600 4.62424 4
1975700 3.98386 4
1975800 3.39806 4
1975900 3.11744 4
1976000 3.22408 4
1976100 3.21878 4
1976200 3.10799 4
1976300 3.00558 4
1976400 2.88941 4
1976500 3.00564 4
1976600 3.25705 4
1976700 3.50593 4
1976800 3.93459 4
1976900 4.12851 4
1977000 4.12487 4
1977100 4.11596 4
1977200 4.11023 4
1977300 4.15016 4
1977400 4.41898 4
1977500 4.53251 4
1977600 4.85948 4
1977700 5.18837 4
1977800 5.0873 4
1977900 4.91844 4
1978000 4.64491 4
1978100 4.27863 4
1978200 3.9296 4
1978300 3.3848 4
1978400 2.96792 4
1978500 2.93113 4
1978600 3.14614 4
1978700 3.42379 4
1978800 3.62215 4
1978900 3.92835 4
1979000 4.31684 4
1979100 4.47106 4
1979200 4.48119 4
1979300 4.43795 4
1979400 4.46473 4
1979500 4.47742 4
1979600 4.39468 4
1979700 4.18404 4
1979800 4.16314 4
1979900 4.50151 4
1980000 4.77489 4
1980100 4.681 4
1980200 4.21785 4
1980300 3.89075 4
1980400 3.84431 4
1980500 4.15964 4
1980600 4.47319 4
1980700 4.42163 4
1980800 4.04375 4
1980900 3.62981 4
1981000 3.2353 4
1981100 3.03437 4
1981200 3.2134 4
1981300 3.38789 4
1981400 3.54446 4
1981500 3.76192 4
1981600 3.93493 4
1981700 4.15063 4
1981800 4.51758 4
1981900 4.94457 4
1982000 5.39546 4
1982100 5.56886 4
1982200 5.50947 4
1982300 5.26017 4
1982400 5.25107 4
1982500 5.24637 4
1982600 5.03887 4
1982700 5.07695 4
1982800 5.25661 4
1982900 5.25851 4
1983000 5.11584 4
1983100 5.12449 4
1983200 4.88622 4
1983300 4.43411 4
1983400 4.11352 4
1983500 4.07504 4
1983600 4.08594 4
1983700 4.05831 4
1983800 4.32367 4
1983900 4.44192 4
1984000 4.2648 4
1984100 3.92018 4
1984200 3.63954 4
1984300 3.48624 4
1984400 3.23759 4
1984500 3.05281 4
1984600 3.37389 4
1984700 3.64967 4
1984800 3.97142 4
1984900 4.06876 4
1985000 4.167 4
1985100 4.28034 4
1985200 4.56462 4
1985300 4.68214 4
1985400 4.75939 4
1985500 4.63822 4
1985600 4.54937 4
1985700 4.46461 4
1985800 4.30515 4
1985900 4.14105 4
1986000 4.10833 4
1986100 4.15134 4
1986200 4.29918 4
1986300 4.56746 4
1986400 4.64862 4
1986500 4.52076 4
1986600 4.37156 4
1986700 4.17852 4
1986800 4.23574 4
1986900 4.1963 4
1987000 4.33801 4
1987100 4.62409 4
1987200 4.661 4
1987300 4.47694 4
1987400 4.08014 4
1987500 3.87207 4
1987600 3.73393 4
1987700 3.98943 4
1987800 4.30449 4
1987900 4.60178 4
1988000 5.04203 4
1988100 5.35557 4
1988200 5.45935 4
1988300 5.46562 4
1988400 5.56778 4
1988500 5.38533 4
1988600 5.05837 4
1988700 4.86988 4
1988800 4.73449 4
1988900 4.58433 4
1989000 4.48147 4
1989100 4.16138 4
1989200 4.00652 4
1989300 4.08884 4
1989400 4.01857 4
1989500 3.98574 4
1989600 3.97195 4
1989700 4.03237 4
1989800 4.17685 4
1989900 4.10509 4
1990000 4.12329 4
1990100 4.12658 4
1990200 4.0009 4
1990300 4.12976 4
1990400 4.36086 4
1990500 4.43307 4
1990600 4.32924 4
1990700 4.09851 4
1990800 4.04257 4
1990900 3.99319 4
1991000 3.95561 4
1991100 3.76247 4
1991200 3.50117 4
1991300 3.20979 4
1991400 2.78702 4
1991500 3.07022 4
1991600 3.68291 4
1991700 4.03432 4
1991800 4.17225 4
1991900 4.46489 4
1992000 4.65236 4
1992100 5.05097 4
1992200 5.22022 4
1992300 5.16318 4
1992400 5.2085 4
1992500 4.98377 4
1992600 4.4072 4
1992700 4.1215 4
1992800 3.94875 4
1992900 3.92216 4
1993000 4.08222 4
1993100 4.42792 4
1993200 4.72181 4
1993300 4.75827 4
1993400 4.49766 4
1993500 4.29331 4
1993600 4.3172 4
1993700 4.44968 4
1993800 4.57338 4
1993900 4.36079 4
1994000 3.72072 4
1994100 3.47399 4
1994200 3.30661 4
1994300 3.08249 4
1994400 2.98942 4
1994500 3.13334 4
1994600 3.33094 4
1994700 3.45363 4
1994800 3.68073 4
1994900 3.71968 4
1995000 3.4825 4
1995100 3.20684 4
1995200 3.30722 4
1995300 3.67509 4
1995400 3.95041 4
1995500 4.02122 4
1995600 3.85632 4
1995700 3.67741 4
1995800 3.81458 4
1995900 3.8978 4
1996000 4.25191 4
1996100 4.66369 4
1996200 4.79955 4
1996300 4.9709 4
1996400 4.97196 4
1996500 4.66614 4
1996600 4.42632 4
1996700 4.52286 4
1996800 4.62004 4
1996900 4.42958 4
1997000 4.00898 4
1997100 3.60039 4
1997200 3.53531 4
1997300 3.44802 4
1997400 3.59986 4
1997500 4.04479 4
1997600 4.31574 4
1997700 4.31459 4
1997800 4.33209 4
1997900 4.12931 4
1998000 3.96962 4
1998100 3.7344 4
1998200 3.62107 4
1998300 3.67601 4
1998400 4.06584 4
1998500 4.56331 4
1998600 4.99296 4
1998700 5.34903 4
1998800 5.4047 4
1998900 5.13762 4
1999000 4.91557 4
1999100 4.69902 4
1999200 4.52727 4
1999300 4.23568 4
1999400 3.93444 4
1999500 3.68251 4
1999600 3.67384 4
1999700 4.12685 4
1999800 4.72891 4
1999900 5.00904 4
2000000 5.06691 4
2000100 4.97705 4
2000200 4.73833 4
2000300 4.4402 4
2000400 4.54778 4
2000500 4.84643 4
2000600 4.99361 4
2000700 5.09521 4
2000800 5.04247 4
2000900 4.74263 4
2001000 4.30491 4
2001100 3.76668 4
2001200 3.34712 4
2001300 2.98302 4
2001400 2.90567 4
2001500 2.93148 4
2001600 2.81014 4
2001700 2.80525 4
2001800 2.95258 4
2001900 3.39533 4
2002000 3.99606 4
2002100 4.38327 4
2002200 4.59485 4
2002300 4.55627 4
2002400 4.45214 4
2002500 4.2139 4
2002600 3.97654 4
2002700 3.95574 4
2002800 3.63092 4
2002900 3.39783 4
2003000 3.42203 4
2003100 3.37109 4
2003200 3.45626 4
2003300 3.6206 4
2003400 3.53921 4
2003500 3.41658 4
2003600 3.27357 4
2003700 3.30989 4
2003800 3.48441 4
2003900 3.55143 4
2004000 3.62456 4
2004100 3.62768 4
2004200 3.56104 4
2004300 3.50786 4
2004400 3.27008 4
2004500 2.95899 4
2004600 2.8647 4
2004700 3.1261 4
2004800 3.43737 4
2004900 3.63092 4
2005000 3.73799 4
2005100 3.92198 4
2005200 4.24951 4
2005300 4.56783 4
2005400 4.51995 4
2005500 4.40961 4
2005600 4.41985 4
2005700 4.23289 4
2005800 4.22171 4
2005900 4.31068 4
2006000 4.31562 4
2006100 4.42694 4
2006200 4.63574 4
2006300 4.65939 4
2006400 4.77156 4
2006500 4.84136 4
2006600 5.05499 4
2006700 5.11763 4
2006800 4.82735 4
2006900 4.33383 4
2007000 3.81455 4
2007100 3.27542 4
2007200 2.85206 4
2007300 2.7509 4
2007400 2.89379 4
2007500 3.27197 4
2007600 3.45421 4
2007700 3.52062 4
2007800 3.72921 4
2007900 3.82096 4
2008000 4.07359 4
2008100 4.3137 4
2008200 4.42211 4
2008300 4.61783 4
2008400 5.00773 4
2008500 5.3585 4
2008600 5.59827 4
2008700 5.59411 4
2008800 5.36969 4
2008900 5.16061 4
2009000 4.78025 4
2009100 4.25903 4
2009200 3.6037 4
2009300 3.30753 4
2009400 3.13819 4
2009500 3.35849 4
2009600 3.51321 4
2009700 3.21495 4
2009800 2.83662 4
2009900 2.709 4
2010000 3.07464 4
2010100 3.62421 4
2010200 3.87443 4
2010300 3.97866 4
2010400 4.04017 4
2010500 4.19576 4
2010600 4.58501 4
2010700 4.8944 4
2010800 4.93681 4
2010900 4.64922 4
2011000 4.1066 4
2011100 3.69985 4
2011200 3.3363 4
2011300 2.96245 4
2011400 2.51614 4
2011500 2.30267 4
2011600 2.24832 4
2011700 2.58793 4
2011800 3.04854 4
2011900 3.64216 4
2012000 4.15612 4
2012100 4.3908 4
2012200 4.52913 4
2012300 4.5511 4
2012400 4.45736 4
2012500 4.09905 4
2012600 3.6829 4
2012700 3.44733 4
2012800 3.50463 4
2012900 3.5209 4
2013000 3.74727 4
2013100 4.26921 4
2013200 4.91877 4
2013300 5.40817 4
2013400 5.47321 4
2013500 5.05396 4
2013600 4.50203 4
2013700 4.02495 4
2013800 4.0028 4
2013900 4.20305 4
2014000 4.24413 4
2014100 4.2249 4
2014200 4.20441 4
2014300 4.1321 4
2014400 3.94053 4
2014500 3.72976 4
2014600 3.81233 4
2014700 3.503 4
2014800 3.00275 4
2014900 2.5221 4
2015000 2.43813 4
2015100 2.78501 4
2015200 3.15754 4
2015300 3.48164 4
2015400 3.93959 4
2015500 4.08712 4
2015600 4.0965 4
2015700 3.75823 4
2015800 3.5957 4
2015900 3.59936 4
2016000 3.65181 4
2016100 4.04367 4
2016200 4.38422 4
2016300 4.3024 4
2016400 3.89553 4
2016500 3.50462 4
2016600 3.4813 4
2016700 3.46719 4
2016800 3.64274 4
2016900 4.02824 4
2017000 4.64275 4
2017100 4.89708 4
2017200 4.6369 4
2017300 4.41699 4
2017400 3.95492 4
2017500 3.60738 4
2017600 3.81013 4
2017700 4.2443 4
2017800 4.7346 4
2017900 5.01664 4
2018000 5.17488 4
2018100 5.11016 4
2018200 4.82483 4
2018300 4.60036 4
2018400 4.32545 4
2018500 3.83336 4
2018600 3.28963 4
2018700 3.08881 4
2018800 3.16269 4
2018900 3.45394 4
2019000 3.66375 4
2019100 3.86221 4
2019200 4.35878 4
2019300 4.85595 4
2019400 5.44904 4
2019500 5.69005 4
2019600 5.3374 4
2019700 4.96816 4
2019800 4.41561 4
2019900 4.04531 4
2020000 3.68578 4
2020100 3.21784 4
2020200 3.22647 4
2020300 3.70844 4
2020400 4.24228 4
2020500 4.8178 4
2020600 5.04634 4
2020700 5.14985 4
2020800 4.89017 4
2020900 4.26087 4
2021000 3.71649 4
2021100 3.44731 4
2021200 3.36946 4
2021300 3.20919 4
2021400 3.19701 4
2021500 3.29972 4
2021600 3.24667 4
2021700 3.12165 4
2021800 2.92 4
2021900 2.76449 4
2022000 2.87848 4
2022100 3.10741 4
2022200 3.38535 4
2022300 3.74485 4
2022400 3.89223 4
2022500 3.90477 4
2022600 4.0249 4
2022700 4.30888 4
2022800 4.67307 4
2022900 4.74979 4
2023000 4.68039 4
2023100 4.79617 4
2023200 4.93739 4
2023300 5.14209 4
2023400 5.02353 4
2023500 4.73437 4
2023600 4.46658 4
2023700 4.28194 4
2023800 4.33113 4
2023900 4.4797 4
2024000 4.53826 4
2024100 4.474 4
2024200 4.36902 4
2024300 4.36634 4
2024400 4.56971 4
2024500 4.58161 4
2024600 4.47795 4
2024700 4.48581 4
2024800 4.70974 4
2024900 5.03038 4
2025000 5.12074 4
2025100 5.01718 4
2025200 4.80244 4
2025300 4.38508 4
2025400 4.01215 4
2025500 3.91493 4
2025600 3.85709 4
2025700 3.655 4
2025800 3.64077 4
2025900 3.61746 4
2026000 3.46565 4
2026100 3.32598 4
2026200 3.60848 4
2026300 3.90274 4
2026400 4.32755 4
2026500 4.83945 4
2026600 5.23984 4
2026700 5.10144 4
2026800 4.50579 4
2026900 4.13201 4
2027000 4.18431 4
2027100 4.21798 4
2027200 4.12876 4
2027300 4.10799 4
2027400 3.96369 4
2027500 3.83956 4
2027600 3.7033 4
2027700 3.56384 4
2027800 3.7058 4
2027900 3.89856 4
2028000 3.72255 4
2028100 3.44142 4
2028200 3.38085 4
2028300 3.491 4
2028400 3.61674 4
2028500 3.90966 4
2028600 4.20293 4
2028700 4.41016 4
2028800 4.80816 4
2028900 4.85981 4
2029000 4.67392 4
2029100 4.50678 4
2029200 4.52155 4
2029300 4.54933 4
2029400 4.52515 4
2029500 4.52673 4
2029600 4.32951 4
2029700 3.95525 4
2029800 3.9208 4
2029900 3.83815 4
2030000 3.60098 4
